tree
version=v4
num_class=1
num_tree_per_iteration=1
label_index=0
max_feature_idx=18
objective=binary sigmoid:1
feature_names=gender SeniorCitizen Partner Dependents tenure PhoneService MultipleLines InternetService OnlineSecurity OnlineBackup DeviceProtection TechSupport StreamingTV StreamingMovies Contract PaperlessBilling PaymentMethod MonthlyCharges TotalCharges
feature_infos=[0:1] [0:1] [0:1] [0:1] [1:72] [0:1] [0:2] [0:2] [0:2] [0:2] [0:2] [0:2] [0:2] [0:2] [0:2] [0:1] [0:3] [18.25:118.75] [18.850000000000001:8684.7999999999993]
tree_sizes=3349 3378 3393 3406 3402 3403 3419 3406 3426 3418 3397 3416 3393 3420 3422 3408 3425 3415 3413 3391 3404 3416 3404 3405

Tree=0
num_leaves=31
num_cat=0
split_feature=14 8 4 7 7 17 4 17 4 4 16 17 18 18 18 18 17 4 6 16 17 4 15 17 17 3 17 17 18 17
split_gain=951.492 245.95 153.361 128.074 50.1487 35.309 30.6618 27.3352 41.1967 24.3968 21.0035 17.4072 16.3123 13.2936 13.2644 12.3671 16.5175 11.4189 12.1434 12.6974 11.2553 11.3926 10.619 8.79817 8.60837 8.45054 8.22023 7.96067 7.88908 7.43285
threshold=1.0000000180025095e-35 1.0000000180025095e-35 6.5000000000000009 1.0000000180025095e-35 1.0000000180025095e-35 93.575000000000003 15.500000000000002 91.27500000000002 29.500000000000004 1.5000000000000002 1.5000000000000002 78.925000000000026 6648.8000000000011 333.62500000000006 82.050000000000026 117.87500000000001 74.925000000000026 54.500000000000007 1.5000000000000002 2.5000000000000004 29.925000000000001 41.500000000000007 1.0000000180025095e-35 75.125000000000014 73.575000000000003 1.0000000180025095e-35 55.175000000000004 100.62500000000001 2571.5750000000003 49.875000000000007
decision_type=2 2 2 2 2 2 2 2 2 2 2 2 2 2 2 2 2 2 2 2 2 2 2 2 2 2 2 2 2 2
left_child=1 2 4 13 14 -2 11 9 -9 22 27 23 -7 -4 -1 -6 -17 18 28 -20 -11 29 -3 24 -5 -13 -16 -8 -12 -22
right_child=5 7 3 6 15 12 10 8 -10 20 17 25 -14 -15 26 16 -18 -19 19 -21 21 -23 -24 -25 -26 -27 -28 -29 -30 -31
leaf_value=-0.83167379583205503 -1.1342885497801496 -0.99861392278107108 -0.8705007368456209 -0.95525253677214961 -0.71391795403562619 -1.0357338971674965 -0.98816585713196647 -0.78755287747724478 -1.0331746892194715 -1.0899788527508263 -0.89612337403271103 -0.77786504855383387 -1.1081999710581638 -1.0604096948205235 -0.89612337403271103 -0.87690639614239341 -0.75519886950371573 -0.99220826348429858 -0.83287083871730039 -1.012589906701302 -0.92174601121980104 -1.1080637063209866 -0.86997782588261918 -1.0156956809057978 -0.7727551209096849 -0.91583309494585718 -1.0205761832271483 -0.85951960662258231 -1.0242365599681611 -1.0260667483386676
leaf_weight=31.807810962200165 370.96103459596634 19.513994455337524 3.902798891067504 5.0736385583877581 35.125190019607544 60.883662700653076 40.1988285779953 11.513256728649141 16.782035231590271 59.322543144226074 15.220915675163271 35.515469908714294 63.420481979846954 66.347581148147583 23.807073235511783 15.611195564270018 39.027988910675049 9.3667173385620099 46.638446748256683 4.2930787801742545 7.8055977821350089 15.806335508823393 9.5618572831153887 5.8541983366012564 5.2687785029411316 5.0736385583877555 6.8298980593681327 5.4639184474945059 7.0250380039215079 54.639184474945068
leaf_count=163 1901 100 20 26 180 312 206 59 86 304 78 182 325 340 122 80 200 48 239 22 40 81 49 30 27 26 35 28 36 280
internal_value=-1.01615 -0.931731 -0.887533 -0.93491 -0.808087 -1.11883 -0.891258 -1.02411 -0.933232 -1.03954 -0.918353 -0.830086 -1.07271 -1.04986 -0.876906 -0.760212 -0.789972 -0.888249 -0.874942 -0.84802 -1.05713 -1.03222 -0.956311 -0.917733 -0.862282 -0.795111 -0.923868 -0.972772 -0.93658 -1.01303
internal_weight=1097.66 602.397 407.452 255.243 152.209 495.265 184.993 194.945 28.2953 166.65 128.207 56.7857 124.304 70.2504 62.4448 89.7644 54.6392 82.5442 73.1775 50.9315 137.574 78.2511 29.0759 16.1966 10.3424 40.5891 30.637 45.6627 22.246 62.4448
internal_count=5625 3087 2088 1308 780 2538 948 999 145 854 657 291 637 360 320 460 280 423 375 261 705 401 149 83 53 208 157 234 114 320
is_linear=0
shrinkage=1


Tree=1
num_leaves=31
num_cat=0
split_feature=14 8 4 7 17 7 17 4 4 4 16 18 17 18 17 4 18 4 6 16 15 12 17 18 17 14 18 16 13 17
split_gain=778.203 180.755 102.682 95.6078 33.0281 31.1128 21.4988 29.133 20.5595 19.7945 14.9557 14.4181 11.233 10.4188 9.73272 9.74883 8.86853 8.05428 8.21462 8.73821 7.72698 7.41095 8.16478 7.17518 10.2678 6.88014 6.79761 6.70758 6.67947 6.66835
threshold=1.0000000180025095e-35 1.0000000180025095e-35 6.5000000000000009 1.0000000180025095e-35 93.575000000000003 1.0000000180025095e-35 91.27500000000002 29.500000000000004 15.500000000000002 1.5000000000000002 1.5000000000000002 6648.8000000000011 78.925000000000026 333.62500000000006 29.925000000000001 41.500000000000007 82.050000000000026 54.500000000000007 1.5000000000000002 2.5000000000000004 1.0000000180025095e-35 1.5000000000000002 56.175000000000004 117.87500000000001 75.125000000000014 1.5000000000000002 50.250000000000007 2.5000000000000004 1.5000000000000002 101.42500000000003
decision_type=2 2 2 2 2 2 2 2 2 2 2 2 2 2 2 2 2 2 2 2 2 2 2 2 2 2 2 2 2 2
left_child=1 2 5 13 25 16 9 -8 12 20 -10 29 -5 -4 -11 -16 26 18 -12 -20 27 -15 -23 -7 -25 28 -1 -3 -2 -6
right_child=4 6 3 8 11 23 7 -9 10 14 17 -13 -14 21 15 -17 -18 -19 19 -21 -22 22 -24 24 -26 -27 -28 -29 -30 -31
leaf_value=0.12517664059650874 -0.11044263705121944 -0.080362233492681873 0.12250247061566447 0.084413091792752623 -0.048778083040489778 0.23873974549959029 0.1857325312793654 -0.015451542140451894 0.038195283983759543 -0.068988780969102048 0.068885387329542511 -0.086844958166444261 0.18014559643613909 -0.064087957942719584 0.0027805472780981378 -0.086710134401652192 0.079449869614033775 0.021297452808673116 0.15169662241255957 0.0031995346546730878 0.12291433724882253 0.072748266861520569 -0.0519913762477235 0.12051058507662873 0.21089009749725568 -0.1258626327812549 0.22454981868821344 0.051158932731671762 -0.064843452254300118 0.017884090984772574
leaf_weight=24.934069991111755 115.08832685649395 5.3119217008352289 4.16073054075241 16.906826466321945 32.288382798433304 39.720213711261749 12.680079504847528 16.647799402475357 46.574178516864777 57.245781660079956 23.053604364395142 60.645028948783875 44.563402235507965 43.944558948278427 62.52909243106842 15.115645229816435 31.927728399634361 9.4713020324707013 50.478263452649117 4.3002361953258506 10.195972993969919 10.126354888081552 10.890608087182043 17.904089272022247 42.192699134349823 190.40212795138359 9.5087555050849897 14.361862376332283 44.562200158834457 28.034823387861252
leaf_count=118 625 27 20 83 167 180 59 86 234 304 114 325 208 230 320 81 157 48 239 22 49 53 57 86 194 1034 45 73 242 145
internal_value=-0.000403402 0.0727704 0.10888 0.0701732 -0.0974586 0.170479 -0.00735321 0.0715316 0.105939 -0.021395 0.083956 -0.052413 0.153815 -0.0309041 -0.0377056 -0.0146412 0.117417 0.108368 0.118964 0.140039 0.0522633 -0.0407296 0.00811045 0.205761 0.183964 -0.113025 0.152611 0.0156482 -0.0977148 -0.0177973
internal_weight=1095.77 624.746 430.658 264.47 471.021 166.188 194.088 29.3279 195.348 164.76 133.878 120.968 61.4702 69.1223 134.891 77.6447 66.3706 87.3034 77.8321 54.7785 29.8698 64.9615 21.017 99.817 60.0968 350.053 34.4428 19.6738 159.651 60.3232
internal_count=5625 3087 2088 1308 2538 780 999 145 948 854 657 637 291 360 705 401 320 423 375 261 149 340 110 460 280 1901 163 100 867 312
is_linear=0
shrinkage=0.1


Tree=2
num_leaves=31
num_cat=0
split_feature=14 11 4 7 17 17 18 17 18 4 16 18 18 4 17 1 17 13 4 0 7 1 13 14 16 13 4 18 15 18
split_gain=643.396 137.094 72.5079 52.232 33.03 31.0728 22.0751 20.4291 23.5138 19.2166 18.1343 12.7362 11.8733 11.5593 13.7564 10.9425 10.32 9.81156 8.96466 9.21764 15.3255 8.56789 6.77312 6.75238 6.56366 6.31847 6.2048 10.3072 6.02663 5.55109
threshold=1.0000000180025095e-35 1.0000000180025095e-35 10.500000000000002 1.0000000180025095e-35 67.575000000000017 93.575000000000003 225.57500000000002 79.425000000000026 1537.3000000000002 1.5000000000000002 1.5000000000000002 6648.8000000000011 117.87500000000001 55.500000000000007 95.725000000000009 1.0000000180025095e-35 51.125000000000007 1.5000000000000002 17.500000000000004 1.0000000180025095e-35 1.0000000180025095e-35 1.0000000180025095e-35 1.5000000000000002 1.5000000000000002 1.0000000180025095e-35 1.5000000000000002 20.500000000000004 1054.6750000000002 1.0000000180025095e-35 2110.7250000000008
decision_type=2 2 2 2 2 2 2 2 2 2 2 2 2 2 2 2 2 2 2 2 2 2 2 2 2 2 2 2 2 2
left_child=1 2 4 15 6 23 21 9 -9 -3 -5 -7 -6 14 26 -4 -8 24 19 20 -11 22 -1 25 -14 -2 27 -12 -19 -28
right_child=5 7 3 10 12 11 16 8 -10 18 13 -13 17 -15 -16 -17 -18 28 -20 -21 -22 -23 -24 -25 -26 -27 29 -29 -30 -31
leaf_value=0.081790018667347628 -0.10576175088330807 0.041709490617293392 -0.045599078607753113 0.036649665099244381 0.2067685097419959 -0.01619045893390296 0.050270483631222641 0.13618898579177471 -0.0027094842709894339 0.098587240046862715 0.030172339940441158 -0.081967775491309611 0.20795581764293405 -0.0028652361888146815 0.174101559252613 0.070279635757104969 -0.09777644070987615 0.10935007672114164 -0.089332798182940473 -0.063216326688897609 -0.042885514092245683 0.20341745954449492 0.18437965593852254 -0.12161886376739678 0.10664614284042105 -0.060492369667483309 0.001311025042939286 0.16335096731471122 0.20370386018955988 0.087430464253575785
leaf_weight=43.69941383600235 108.5065770894289 29.929174855351448 49.698491543531418 57.21907514333725 43.148520916700363 59.805629938840866 11.607244387269022 18.271230325102806 36.606161460280418 12.312620133161543 7.9234250038862255 57.969499006867409 7.2651703506708136 8.982850715517996 28.757466986775398 9.7474256455898267 7.9220174103975287 8.6858861893415433 36.281119599938393 35.194178536534309 20.251679018139839 8.8561821430921537 7.5469029098749152 177.98233124613762 53.396773368120193 43.070523113012314 9.5642736703157407 21.800462409853935 30.682132065296173 34.423755824565887
leaf_count=202 625 145 263 283 183 312 58 81 178 63 37 325 33 46 131 51 41 38 194 187 111 41 35 1034 243 242 45 100 135 163
internal_value=-0.000651162 0.0636777 0.0936346 0.0540043 0.134209 -0.0926537 0.0825812 -0.00785343 0.0435363 -0.0289041 0.0824115 -0.0485664 0.162923 0.105905 0.115441 -0.0265983 -0.00978454 0.14401 -0.0492176 -0.027738 0.0106056 0.112594 0.0968981 -0.108409 0.118779 -0.0928985 0.0925552 0.12785 0.182886 0.0687056
internal_weight=1087.11 639.774 450.927 228.117 222.81 447.335 79.6318 188.846 54.8774 133.969 168.671 117.775 143.178 111.452 102.469 59.4459 19.5293 100.03 104.04 67.7585 32.5643 60.1025 51.2463 329.559 60.6619 151.577 73.7119 29.7239 39.368 43.988
internal_count=5625 3087 2128 1119 1009 2538 377 959 259 700 805 637 632 522 476 314 99 449 555 361 174 278 237 1901 276 867 345 137 173 208
is_linear=0
shrinkage=0.1


Tree=3
num_leaves=31
num_cat=0
split_feature=14 8 4 7 17 17 17 4 4 14 11 17 18 18 5 13 4 18 0 18 14 18 12 13 4 13 11 2 15 16
split_gain=535.228 111.847 56.9226 58.2229 29.3706 16.7342 13.721 19.1916 13.466 12.1662 11.4963 11.1312 11.1195 10.767 8.20811 7.22008 7.18766 7.03578 10.5775 6.86483 6.70251 6.32334 7.7928 6.20227 6.02219 6.00899 5.671 6.51006 5.49477 5.35708
threshold=1.0000000180025095e-35 1.0000000180025095e-35 6.5000000000000009 1.0000000180025095e-35 93.575000000000003 74.325000000000003 91.27500000000002 29.500000000000004 1.5000000000000002 1.5000000000000002 1.5000000000000002 95.175000000000026 3478.4500000000003 82.050000000000026 1.0000000180025095e-35 1.0000000180025095e-35 40.500000000000007 1266.2250000000001 1.0000000180025095e-35 50.250000000000007 1.5000000000000002 357.72500000000008 1.5000000000000002 1.5000000000000002 47.500000000000007 1.5000000000000002 1.5000000000000002 1.0000000180025095e-35 1.0000000180025095e-35 2.5000000000000004
decision_type=2 2 2 2 2 2 2 2 2 2 2 2 2 2 2 2 2 2 2 2 2 2 2 2 2 2 2 2 2 2
left_child=1 2 5 14 20 13 8 -8 28 23 11 12 -5 19 21 16 -10 -13 -19 -1 25 -4 -23 -6 -12 -2 27 -15 29 -3
right_child=4 6 3 10 9 -7 7 -9 15 -11 24 17 -14 26 -16 -17 -18 18 -20 -21 -22 22 -24 -25 -26 -27 -28 -29 -30 -31
leaf_value=0.094011581491128038 -0.10143748368593593 -0.078216745449838754 0.12845716308001426 0.087871668482216655 -0.11447040628900879 0.16183704718977995 0.1405778702070469 -0.018145316199359673 0.0090559000135803352 -0.078878498693100901 0.048841486513650306 0.21137767167442353 0.0047927505620748469 0.10532187540700318 -0.053553960996653639 -0.054971577530779706 -0.078605534743897698 0.058751889073377001 0.16291158348338805 0.16413729013384704 -0.11787961949394583 -0.060541014850732489 0.062163800691853802 -0.0033966821264776168 -0.055210124678883532 -0.056377821125936228 -0.0093522672806822232 0.013415140267142779 0.097007396560788994 0.039339584361235913
leaf_weight=26.94059956073761 102.15022601187229 5.2274622470140466 4.3407443314790752 107.08436398208141 5.5413419902324668 77.330163031816483 13.894053086638452 16.863947361707687 48.496704995632172 55.026204124093056 27.418690770864487 9.0452634990215284 18.963179290294647 29.721887513995171 41.989122629165649 70.875645816326141 11.588443174958227 18.544737130403519 20.556742802262306 28.971886694431305 165.88916450738907 11.274664863944054 9.5679380595684052 54.185181871056557 6.9779136627912512 41.667685478925705 8.2921097576618177 10.405236437916754 10.910755515098574 14.999399155378342
leaf_count=118 625 27 20 482 30 321 59 86 246 313 127 38 91 134 229 394 65 84 92 120 1034 62 49 294 34 242 40 47 49 73
internal_value=-0.000822846 0.0561916 0.0831205 0.0544889 -0.0881702 0.126583 -0.00767963 0.0535534 -0.0192985 -0.0449554 0.080564 0.0909961 0.0753729 0.100454 -0.0264823 -0.0333526 -0.0078511 0.131898 0.113512 0.130348 -0.104182 0.0186552 -0.00421254 -0.0137019 0.0277329 -0.0883826 0.0659325 0.0814898 0.039811 0.00895814
internal_weight=1074.74 650.282 457.425 275.763 424.46 181.662 192.856 30.758 162.098 114.753 208.591 174.194 126.048 104.332 67.1725 130.961 60.0851 48.1467 39.1015 55.9125 309.707 25.1833 20.8426 59.7265 34.3966 143.818 48.4192 40.1271 31.1376 20.2269
internal_count=5625 3087 2088 1308 2538 780 999 145 854 637 948 787 573 459 360 705 311 214 176 238 1901 131 111 324 161 867 221 181 149 100
is_linear=0
shrinkage=0.1


Tree=4
num_leaves=31
num_cat=0
split_feature=14 8 4 7 17 17 17 18 4 18 4 6 18 11 3 18 14 17 4 13 4 1 0 13 17 17 17 1 10 5
split_gain=447.546 87.6821 44.4417 46.1224 27.8459 12.9928 11.0935 15.5677 11.0037 10.8909 9.92338 9.76147 8.38811 8.10461 7.82745 7.6643 6.70621 6.43659 6.3606 6.16672 6.12655 6.11426 5.98198 5.73135 5.62038 5.39295 5.3828 6.5728 5.66369 5.16065
threshold=1.0000000180025095e-35 1.0000000180025095e-35 5.5000000000000009 1.0000000180025095e-35 93.575000000000003 75.125000000000014 91.27500000000002 1654.5250000000003 1.5000000000000002 6648.8000000000011 15.500000000000002 1.5000000000000002 3478.4500000000003 1.5000000000000002 1.0000000180025095e-35 305.75000000000006 1.5000000000000002 78.925000000000026 54.500000000000007 1.0000000180025095e-35 52.500000000000007 1.0000000180025095e-35 1.0000000180025095e-35 1.5000000000000002 75.125000000000014 74.125000000000014 101.42500000000003 1.0000000180025095e-35 1.5000000000000002 1.0000000180025095e-35
decision_type=2 2 2 2 2 2 2 2 2 2 2 2 2 2 2 2 2 2 2 2 2 2 2 2 2 2 2 2 2 2
left_child=1 2 5 15 16 13 8 -8 -3 26 17 12 14 -1 -12 -4 23 24 -13 20 -10 -17 -11 -2 25 -5 -6 28 -28 -21
right_child=4 6 3 10 9 -7 7 -9 19 22 11 18 -14 -15 -16 21 -18 -19 -20 29 -22 -23 -24 -25 -26 -27 27 -29 -30 -31
leaf_value=0.1019626823723791 -0.097389910583418005 0.035305886127341146 0.083763396237628435 0.037363881947062839 -0.040578297451099192 0.14997254802858137 0.16506383685201642 0.0049332958769214849 0.0013464024949567705 -0.10762530027181907 0.011487834454968069 0.083365204820455757 -0.077523485251226598 0.012264295042529055 0.12636738756650889 -0.044663885578818036 -0.11454135031072039 0.11794823101744178 0.012830117597462581 0.046893277778736496 -0.12795363384940253 0.042066749217076913 -0.040810805932485261 -0.052481393847679997 -0.024350320166600319 0.1688272026976147 0.1018734273267177 0.12383903931536713 -0.026483807064326383 -0.05869295466637519
leaf_weight=100.58519458770752 96.073001623153687 31.51801098883152 6.3259638100862494 7.8894440829753893 30.630688309669495 62.291798487305641 8.2827616184949893 22.738024458289146 55.875059708952904 26.713595032691956 26.446153625845909 87.685859993100166 7.8298641592264167 11.194132298231123 7.6458276510238639 54.142365291714668 154.25174510478973 57.08876921236515 14.966762870550154 4.990997612476348 3.9217378944158545 9.5641212314367277 26.886774122714996 40.355587661266327 6.5172223895788184 5.1622166484594345 4.2219884395599427 5.0158269107341757 18.503757208585739 63.827480837702751
leaf_count=426 625 149 28 35 167 252 34 111 288 162 122 389 38 52 35 300 1034 236 73 27 23 50 163 242 30 22 22 26 97 367
internal_value=-0.000932786 0.0499761 0.0733995 0.0495086 -0.0839351 0.113375 -0.00704469 0.0476892 -0.0176477 -0.0415642 0.0718978 0.0564759 0.015815 0.0929798 0.0372519 -0.0212186 -0.100257 0.100983 0.0730812 -0.0306243 -0.00713366 -0.0316432 -0.0741101 -0.084106 0.0514902 0.0893605 -0.011679 0.0202301 -0.0026376 -0.0510354
internal_weight=1059.14 656.49 465.336 291.265 402.653 174.071 191.154 31.0208 160.133 111.973 221.232 144.574 41.9218 111.779 34.092 70.0325 290.68 76.6577 102.653 128.615 59.7968 63.7065 53.6004 136.429 19.5689 13.0517 58.3723 27.7416 22.7257 68.8185
internal_count=5625 3087 2088 1358 2538 730 999 145 854 637 980 657 195 478 157 378 1901 323 462 705 311 350 325 867 87 57 312 145 119 394
is_linear=0
shrinkage=0.1


Tree=5
num_leaves=31
num_cat=0
split_feature=14 11 4 17 7 17 18 4 17 17 16 4 15 18 4 1 17 15 17 14 5 17 4 13 18 13 0 15 18 17
split_gain=375.585 71.9306 33.8283 26.3288 25.8595 17.5495 11.752 11.7511 13.3411 13.2756 11.5615 10.1515 8.14904 8.05617 7.97956 7.8223 7.64936 7.64711 7.08067 6.74521 6.3771 6.69728 5.5758 5.47171 5.19667 6.95719 6.95265 4.6664 4.56041 4.46591
threshold=1.0000000180025095e-35 1.0000000180025095e-35 10.500000000000002 93.575000000000003 1.0000000180025095e-35 67.575000000000017 445.5750000000001 17.500000000000004 80.475000000000009 98.375000000000014 1.5000000000000002 70.500000000000014 1.0000000180025095e-35 117.87500000000001 55.500000000000007 1.0000000180025095e-35 95.725000000000009 1.0000000180025095e-35 94.125000000000014 1.5000000000000002 1.0000000180025095e-35 29.925000000000001 54.500000000000007 1.5000000000000002 24.425000000000001 1.0000000180025095e-35 1.0000000180025095e-35 1.0000000180025095e-35 89.225000000000009 61.375000000000007
decision_type=2 2 2 2 2 2 2 2 2 2 2 2 2 2 2 2 2 2 2 2 2 2 2 2 2 2 2 2 2 2
left_child=1 2 5 19 15 6 20 8 24 -9 -6 -5 -12 -7 16 -4 -14 -15 -19 23 21 28 -11 -2 27 26 29 -3 -1 -26
right_child=3 7 4 11 10 13 -8 9 -10 22 12 -13 14 17 -16 -17 -18 18 -20 -21 -22 -23 -24 -25 25 -27 -28 -29 -30 -31
leaf_value=0.095365661128397144 -0.09355658466027135 0.0065366026507671969 -0.037319433271425569 -0.021503952312436056 0.021405425073147154 0.14720218744428168 -0.10676684285587779 -0.066895937809398162 0.087092890771565595 0.064945427527600477 0.01847624798960119 -0.093232707200330764 0.075792123768019554 0.047274645736321265 -0.013659546390652456 0.059646919140595937 0.13841126004998597 0.098782882634733948 0.17852399465442909 -0.11152272662830519 0.043908267282444541 0.15418568550263226 -0.066040468218522649 -0.048789586715905414 0.12471452354856201 -0.040775200428812497 -0.026058187815756164 0.098763885896171147 -0.027027567086101802 -0.0046622539939170206
leaf_weight=9.1102301329374331 90.30928835272789 18.279348194599155 46.975524917244911 83.430077105760574 60.164282575249672 45.682294130325317 4.2490164786577216 51.013710007071495 19.306550070643425 13.508116632699968 20.892787128686905 25.84241908788681 62.600210383534431 23.961586862802505 7.2567711472511283 10.10988065600395 28.33915875852108 70.863489076495171 13.211561337113379 143.15631049871445 53.552900239825249 13.264141187071798 4.2793423533439627 39.134006083011627 7.7651554048061371 46.358024671673775 12.812158733606339 7.8386880457401267 4.5721724629402152 4.0646727681159973
leaf_count=38 625 89 263 472 283 183 24 281 80 62 95 165 272 100 37 51 118 296 53 1034 238 57 22 242 37 271 64 34 20 19
internal_value=-0.00100641 0.0446621 0.0652811 -0.0799403 0.0384691 0.0918537 0.0553182 -0.0081924 0.0111702 -0.0409576 0.0571359 -0.0384675 0.0751872 0.111997 0.0872533 -0.0201466 0.0953059 0.0971102 0.111313 -0.0965649 0.0638735 0.103552 0.0334326 -0.0800224 -0.00392284 -0.0179527 0.0249824 0.0342164 0.0544662 0.0802613
internal_weight=1041.9 660.032 474.806 381.872 236.339 238.467 84.7485 185.226 116.425 68.8012 179.253 109.272 119.089 153.719 98.1961 57.0854 90.9394 108.037 84.0751 272.6 80.4994 26.9465 17.7875 129.443 97.118 71 24.642 26.118 13.6824 11.8298
internal_count=5625 3087 2128 2538 1119 1009 377 959 594 365 805 637 522 632 427 314 390 449 349 1901 353 115 84 867 514 391 120 123 58 56
is_linear=0
shrinkage=0.1


Tree=6
num_leaves=31
num_cat=0
split_feature=14 8 4 7 17 17 14 17 18 16 4 18 14 5 8 0 4 9 13 18 15 18 1 9 4 17 6 17 11 6
split_gain=315.76 58.6345 29.2833 29.9545 24.9752 9.95205 9.66158 7.32717 11.3372 7.25048 7.20421 6.80669 6.8051 5.87932 5.48812 5.92561 5.64674 5.46018 5.40413 5.37206 5.00651 5.29137 4.82927 4.80761 4.73152 7.54424 4.71093 4.72951 4.43604 5.00321
threshold=1.0000000180025095e-35 1.0000000180025095e-35 5.5000000000000009 1.0000000180025095e-35 93.575000000000003 75.125000000000014 1.5000000000000002 94.325000000000003 4821.7000000000016 1.5000000000000002 1.5000000000000002 82.050000000000026 1.5000000000000002 1.0000000180025095e-35 1.0000000180025095e-35 1.0000000180025095e-35 22.500000000000004 1.0000000180025095e-35 1.5000000000000002 50.250000000000007 1.0000000180025095e-35 3083.5000000000005 1.0000000180025095e-35 1.5000000000000002 11.500000000000002 80.125000000000014 1.5000000000000002 98.375000000000014 1.5000000000000002 1.0000000180025095e-35
decision_type=2 2 2 2 2 2 2 2 2 2 2 2 2 2 2 2 2 2 2 2 2 2 2 2 2 2 2 2 2 2
left_child=1 2 5 13 12 11 18 10 -9 24 -3 19 14 -4 15 -2 -17 22 -6 -1 21 -11 -12 -15 25 -5 -26 -28 29 -13
right_child=4 7 3 9 6 -7 -8 8 -10 20 17 28 -14 23 -16 16 -18 -19 -20 -21 -22 -23 -24 -25 26 -27 27 -29 -30 -31
leaf_value=0.06359419513808949 -0.086988480562911724 0.027246479820358296 0.019168178073131335 -0.01750046365790214 -0.10704209157938729 0.12301361410801388 -0.068005367571860736 0.088368089959447338 -0.048907961543921491 0.053549031063352903 -0.012886293088261183 0.033570557289790019 -0.10875867527999745 -0.018466682142531787 -0.090052612367996762 0.10888617592716161 -0.031386180088608509 -0.042216267257384935 0.0017606385997540504 0.12233117633400725 0.076937907615860807 -0.052615852613864013 0.074083934968507667 -0.090826350458391741 -0.023748293734706827 0.14049070581940501 0.016764114620052672 0.09834651515469274 -0.027409074262184988 0.10346967335049034
leaf_weight=28.563202649354935 17.285762190818787 32.265030428767204 25.881479620933533 4.7072115391492835 4.9987781494855872 62.734361752867699 49.238884970545769 17.603795349597934 9.1395823657512647 20.725109562277797 44.165288031101227 29.051011219620705 132.65637198090553 29.124404564499855 85.566742286086082 3.4715795218944576 16.555820256471634 78.197301596403122 52.61349755525589 34.23284138739109 131.11346586048603 6.0695732384920111 7.4636785238981238 13.40956564247608 18.6410873234272 8.4442096501588804 27.440100014209747 9.5892189741134626 6.9950010329484931 15.814552441239355
leaf_count=118 119 149 135 20 30 252 313 76 47 89 230 122 1034 164 611 24 113 460 294 138 552 28 37 79 87 34 127 43 34 66
internal_value=-0.00105004 0.0400596 0.0588821 0.0395829 -0.0760768 0.0909924 -0.0354788 -0.00704141 0.0414538 0.0570828 -0.0150426 0.0734721 -0.0930526 -0.0184121 -0.076097 -0.0440938 -0.00707116 -0.0255525 -0.00767972 0.0956143 0.0688885 0.0295004 -0.000313548 -0.0412793 0.0299954 0.0839418 0.0172512 0.0378909 0.0466609 0.0582091
internal_weight=1023.76 661.371 472.536 295.145 362.387 177.391 106.851 188.835 26.7434 226.73 162.091 114.657 255.536 68.4154 122.88 37.3132 20.0274 129.826 57.6123 62.796 157.908 26.7947 51.629 42.534 68.8218 13.1514 55.6704 37.0293 51.8606 44.8656
internal_count=5625 3087 2088 1358 2538 730 637 999 123 980 876 478 1901 378 867 256 137 727 324 256 669 117 267 243 311 54 257 170 222 188
is_linear=0
shrinkage=0.1


Tree=7
num_leaves=31
num_cat=0
split_feature=14 11 17 4 7 17 4 17 4 17 17 17 4 14 18 1 15 17 13 18 12 1 18 0 0 1 17 2 1 0
split_gain=265.952 49.3554 23.6241 22.4106 17.0195 12.3714 9.77897 9.94849 8.82983 8.6661 8.42838 7.85092 7.7451 6.87788 6.3279 6.07022 5.85263 5.75552 5.38959 5.16485 5.08479 5.29424 4.87578 5.21355 4.71507 4.38858 4.36796 4.47565 4.25759 4.68733
threshold=1.0000000180025095e-35 1.0000000180025095e-35 93.575000000000003 10.500000000000002 1.0000000180025095e-35 67.575000000000017 17.500000000000004 98.375000000000014 70.500000000000014 83.725000000000009 56.775000000000006 95.725000000000009 53.500000000000007 1.5000000000000002 117.87500000000001 1.0000000180025095e-35 1.0000000180025095e-35 94.125000000000014 1.5000000000000002 225.57500000000002 1.5000000000000002 1.0000000180025095e-35 1510.1000000000001 1.0000000180025095e-35 1.0000000180025095e-35 1.0000000180025095e-35 105.02500000000002 1.0000000180025095e-35 1.0000000180025095e-35 1.0000000180025095e-35
decision_type=2 2 2 2 2 2 2 2 2 2 2 2 2 2 2 2 2 2 2 2 2 2 2 2 2 2 2 2 2 2
left_child=1 3 13 5 15 10 9 -8 -4 -3 19 12 28 18 -7 -5 -16 -18 -2 20 21 -1 -13 -24 -11 -14 27 -9 -6 -30
right_child=2 6 8 4 11 14 7 26 -10 24 -12 22 25 -15 16 -17 17 -19 -20 -21 -22 -23 23 -25 -26 -27 -28 -29 29 -31
leaf_value=0.042696536511386329 -0.086766677854103816 -0.0020592279211858059 -0.017076919911691326 -0.032799124299304101 0.026099656698106745 0.12306858749457031 -0.062098691705288436 0.0014812685223743176 -0.086728737196797301 0.12434020949103133 -0.075083690316056328 0.16358078395243408 -0.11818653761144748 -0.10619623601605316 0.035076392944876376 0.051958148268478693 0.079696500374194901 0.15176656195483634 -0.040404900618930539 0.0033563998369854063 0.14812529297227675 0.12704029575905354 0.03410273690294096 0.10103799294526523 0.019380891026986764 0.019388819610282746 -0.024994027968502672 0.14112877944360142 0.1001297115452887 0.032601381915496323
leaf_weight=48.124480307102203 80.35102005302906 98.025518342852592 81.114033669233322 45.554261654615402 79.74338261783123 44.820876017212868 48.880078122019768 4.4781521260738391 23.466072365641594 9.0933182537555695 5.5504746288061133 5.9825219362974158 5.0450200736522657 122.78058035671711 24.21675780415535 10.374182909727095 71.922022491693497 13.099031612277029 36.449189260601997 17.000428587198257 6.6538327634334555 8.8035552054643613 23.19916820526123 23.347421497106552 8.0858570039272308 4.2906944453716278 8.9920498132705671 4.7077298015356064 20.166920766234398 20.964845761656761
leaf_count=201 625 524 472 263 353 183 281 20 165 37 28 24 26 1034 100 51 296 53 242 85 27 36 102 100 33 21 43 21 88 91
internal_value=-0.00107252 0.036038 -0.0723607 0.0528946 0.0311924 0.0744592 -0.00824956 -0.03861 -0.0327057 0.00942253 0.0441071 0.0459656 0.0328007 -0.0896706 0.0914288 -0.0170775 0.0784469 0.0908002 -0.0722988 0.0523169 0.0654079 0.0557398 0.0785994 0.067677 0.0749382 -0.0549569 0.0245508 0.0730501 0.0395786 0.0657105
internal_weight=1005.28 661.123 344.161 478.86 238.668 240.191 182.263 67.058 104.58 115.205 86.1328 182.74 130.211 239.581 154.059 55.9284 109.238 85.0211 116.8 80.5823 63.5819 56.928 52.5291 46.5466 17.1792 9.33571 18.1779 9.18588 120.875 41.1318
internal_count=5625 3087 2538 2128 1119 1009 959 365 637 594 377 805 579 1901 632 314 449 349 867 349 264 237 226 202 70 47 84 41 532 179
is_linear=0
shrinkage=0.1


Tree=8
num_leaves=31
num_cat=0
split_feature=14 8 17 4 17 17 4 14 11 4 17 8 0 18 15 18 11 17 18 17 1 4 17 17 0 18 18 17 15 16
split_gain=224.125 40.6974 22.31 19.9264 20.2694 8.10119 8.0652 6.94692 6.26368 5.8233 10.7543 5.27285 5.4961 5.25054 4.92778 5.42973 5.83573 4.8805 5.78976 6.5358 6.27942 4.70926 6.73826 4.80584 6.4494 4.64116 4.11547 4.05741 3.77419 4.22033
threshold=1.0000000180025095e-35 1.0000000180025095e-35 93.575000000000003 5.5000000000000009 70.725000000000009 75.125000000000014 71.500000000000014 1.5000000000000002 1.5000000000000002 42.500000000000007 98.02500000000002 1.0000000180025095e-35 1.0000000180025095e-35 82.050000000000026 1.0000000180025095e-35 305.75000000000006 1.5000000000000002 95.575000000000003 3083.5000000000005 87.075000000000003 1.0000000180025095e-35 1.5000000000000002 29.925000000000001 49.875000000000007 1.0000000180025095e-35 1218.3500000000001 50.250000000000007 19.875000000000004 1.0000000180025095e-35 2.5000000000000004
decision_type=2 2 2 2 2 2 2 2 2 2 2 2 2 2 2 2 2 2 2 2 2 2 2 2 2 2 2 2 2 2
left_child=1 3 7 5 14 13 -4 11 17 10 21 12 -2 26 -5 -16 -17 18 -6 -20 -21 28 27 -24 -25 -14 -1 -23 29 -3
right_child=2 9 6 4 8 -7 -8 -9 -10 -11 -12 -13 25 -15 15 16 -18 -19 19 20 -22 22 23 24 -26 -27 -28 -29 -30 -31
leaf_value=0.050995390554050148 -0.080343902864061068 -0.077839419537229948 -0.017881467596103592 -0.047333539057142354 0.055516538799994519 0.10396271254265428 -0.094518745958439163 -0.10379171829007926 0.011000497961448162 -0.052755099869589629 0.091594123056495905 -0.083318354479610654 0.11443366908552698 0.035730364444177327 0.10780779797036835 0.015331697098145844 -0.069992053536257468 0.082648829834298276 0.063532877123736745 -0.10159933074779109 0.028750941351689929 -0.0058788343934750567 0.073801605928995415 0.022827897493542457 -0.041410426073362198 -0.021522521946099393 0.10242269852812254 -0.067968444459873878 0.070187103266121986 0.026014764269566268
leaf_weight=29.000010475516319 15.620114609599112 5.2110862284898767 86.162540972232819 26.300173610448837 108.65447504818439 61.506580859422684 16.335472330451012 113.53886595368385 38.624106854200363 24.251653701066971 11.827879086136816 76.335555635392666 2.9727344959974316 52.614515140652657 4.7561920285224906 34.37807859480381 10.453381508588789 48.128988027572632 10.276382818818094 7.8494226485490781 6.9838531166315079 16.114868745207787 8.3508092164993268 33.724452987313271 29.127697393298149 16.162049368023872 33.578044980764389 30.339944884181023 12.16713525354862 15.706847175955772
leaf_count=118 119 27 515 146 454 252 122 1034 178 139 50 611 21 222 20 183 63 200 47 36 31 104 41 170 149 116 138 195 51 73
internal_value=-0.0010752 0.0324743 -0.0687558 0.0480795 0.0322339 0.0746599 -0.0300954 -0.0863965 0.0475745 -0.00704413 -0.000225146 -0.068618 -0.0363301 0.0590138 -0.0123433 0.00621476 -0.0045633 0.0553408 0.0455152 0.00223756 -0.0402274 -0.00742965 -0.0168023 0.00252758 -0.0069422 -0.000400692 0.0785902 -0.04643 0.0259017 0.000142557
internal_weight=987.054 659.927 327.127 473.104 296.405 176.699 102.498 224.629 220.517 186.822 162.571 111.09 34.7549 115.193 75.8878 49.5877 44.8315 181.893 133.764 25.1097 14.8333 150.743 117.658 71.203 62.8522 19.1348 62.5781 46.4548 33.0851 20.9179
internal_count=5625 3087 2538 2088 1358 730 637 1901 946 999 860 867 256 478 412 266 246 768 568 114 67 810 659 360 319 137 256 299 151 100
is_linear=0
shrinkage=0.1


Tree=9
num_leaves=31
num_cat=0
split_feature=14 11 8 4 7 17 18 17 4 17 1 18 16 11 17 2 4 15 4 5 17 1 10 17 4 17 0 18 16 17
split_gain=188.964 33.1039 21.0633 15.9454 11.5586 10.5752 10.163 9.75456 7.59338 7.82408 7.58538 7.1546 6.39263 5.73741 6.94627 5.36513 6.76095 4.92787 5.00205 4.90822 5.61015 5.30922 5.10377 4.46552 4.11317 4.10898 5.80558 4.77161 4.70111 4.08828
threshold=1.0000000180025095e-35 1.0000000180025095e-35 1.0000000180025095e-35 10.500000000000002 1.0000000180025095e-35 101.97500000000001 6570.3750000000009 70.725000000000009 17.500000000000004 98.375000000000014 1.0000000180025095e-35 458.85000000000008 1.5000000000000002 1.5000000000000002 103.97500000000001 1.0000000180025095e-35 1.5000000000000002 1.0000000180025095e-35 55.500000000000007 1.0000000180025095e-35 36.025000000000006 1.0000000180025095e-35 1.5000000000000002 95.725000000000009 22.500000000000004 36.025000000000006 1.0000000180025095e-35 24.425000000000001 1.0000000180025095e-35 110.325
decision_type=2 2 2 2 2 2 2 2 2 2 2 2 2 2 2 2 2 2 2 2 2 2 2 2 2 2 2 2 2 2
left_child=1 3 13 7 19 -4 29 11 10 -10 25 15 -6 -2 24 -1 -17 -14 23 20 -5 22 -22 -19 -15 27 -27 -3 -29 -7
right_child=2 8 5 4 12 6 -8 -9 9 -11 -12 -13 17 14 -16 16 -18 18 -20 -21 21 -23 -24 -25 -26 26 -28 28 -30 -31
leaf_value=0.058214841441995825 0.00050769759792356297 0.018899786199921241 -0.092767767112776484 -0.037745367384056532 0.010611773917423763 0.068376735055605473 -0.073816183631511031 0.081054373373272121 -0.056470846330703976 0.020713461397260425 0.11004762517960583 -0.058902799683933721 0.0064214144478399711 0.018987300606103215 0.0064777831184045093 0.085503440677762443 -0.032095401391560814 0.050896695827819999 -0.020059192779767223 -0.040025907398608257 -0.060890950112724544 0.14772624970574527 0.096872140074630811 0.09806459834300485 -0.085109062694938689 0.060467334926809994 -0.013553195591467429 0.063046804416534707 -0.048698123749299216 -0.053416815956196684
leaf_weight=86.397842958569527 43.634551525115967 25.984493136405945 178.0098088234663 9.4853890687227267 61.888896301388741 9.8608440905809385 23.794948920607567 122.32214517891407 46.564910694956779 18.292662739753723 6.8658753782510749 6.8035748898982993 21.414079800248146 4.3066094368696204 15.909881621599196 7.0441692024469402 15.977448001503943 65.182715088129044 7.3822711110115042 32.733160778880119 4.2719284743070585 4.7417084574699393 3.943586453795433 29.001868680119514 32.003608860075474 22.59965555369854 19.949345365166664 4.2262228876352301 34.484499365091324 3.8252239972352973
leaf_count=365 302 120 1604 53 283 52 174 509 281 84 32 35 95 32 102 29 71 272 37 193 24 22 22 118 251 103 95 27 217 21
internal_value=-0.00107595 0.0293121 -0.0652552 0.0430328 0.0248369 -0.0826026 -0.0343249 0.0613432 -0.00737953 -0.0347015 0.00814965 0.0405977 0.0368249 -0.0262565 -0.0486205 0.0467845 0.00388757 0.0500164 0.0592079 -0.0153297 0.0206904 0.0634686 0.014838 0.0654209 -0.0727626 0.00162605 0.0257624 -0.014248 -0.0364984 0.0343357
internal_weight=968.904 657.558 311.345 478.591 240.046 215.491 37.481 238.545 178.968 64.8576 114.11 116.223 184.87 95.8547 52.2201 109.419 23.0216 122.981 101.567 55.1758 22.4426 12.9572 8.21551 94.1846 36.3102 107.244 42.549 64.6952 38.7107 13.6861
internal_count=5625 3087 2538 2128 1119 1851 247 1009 959 365 594 500 805 687 385 465 100 522 427 314 121 68 46 390 283 562 198 364 244 73
is_linear=0
shrinkage=0.1


Tree=10
num_leaves=31
num_cat=0
split_feature=14 8 17 4 17 14 18 17 0 13 4 17 1 17 17 9 17 18 18 15 2 18 17 3 4 1 17 2 17 18
split_gain=159.281 28.4726 20.0389 14.2739 13.9602 7.3185 7.25158 6.57822 6.446 5.3855 4.83367 7.74242 4.49179 4.19872 4.9534 5.52202 5.38752 4.06956 3.84665 6.54756 3.78386 7.64834 3.7301 4.53636 5.30674 3.72955 8.00549 3.7188 4.41706 3.70594
threshold=1.0000000180025095e-35 1.0000000180025095e-35 93.575000000000003 5.5000000000000009 70.075000000000003 1.5000000000000002 6648.8000000000011 75.125000000000014 1.0000000180025095e-35 1.5000000000000002 42.500000000000007 98.02500000000002 1.0000000180025095e-35 101.42500000000003 95.02500000000002 1.5000000000000002 87.075000000000003 82.050000000000026 4759.6500000000005 1.0000000180025095e-35 1.0000000180025095e-35 3847.8000000000006 103.27500000000002 1.0000000180025095e-35 70.500000000000014 1.0000000180025095e-35 58.300000000000004 1.0000000180025095e-35 104.47500000000001 50.250000000000007
decision_type=2 2 2 2 2 2 2 2 2 2 2 2 2 2 2 2 2 2 2 2 2 2 2 2 2 2 2 2 2 2
left_child=1 3 5 7 -5 9 18 17 -8 -2 11 25 -6 14 15 -14 -17 29 20 -20 -4 -22 -10 24 -24 -3 -27 28 -21 -1
right_child=2 10 6 4 12 -7 8 -9 22 -11 -12 -13 13 -15 -16 16 -18 -19 19 27 21 -23 23 -25 -26 26 -28 -29 -30 -31
leaf_value=0.039795049412735158 -0.077290751237648447 -0.011972579738642649 -0.079741636786702458 -0.013060179094204614 0.028103022195893664 -0.099600208026362491 -0.095053156007640929 0.08916831801791926 -0.098614097641023857 -0.027889078750211811 -0.049214958073868685 0.076949336365224205 0.027757856523833231 -0.004680578786470979 0.11011442687127471 0.17071833180181284 0.04726406275876243 0.027909528581585592 -0.050053420849787846 0.02263198850260147 0.12331184754518937 -0.068901849094017698 0.095084062470284558 -0.069067094644123167 -0.039453948536902372 0.14987977265954155 -0.011033698392144943 0.015519126824217331 0.157335465354833 0.088805409954745715
leaf_weight=29.252436250448227 67.664512224495411 134.80778354406357 9.9581775218248367 69.520557850599289 150.04467996954918 97.935327053070068 21.124051801860332 59.553728923201561 4.5871365591883686 32.74631056189537 23.514019846916199 11.898920342326162 34.049436956644058 9.4163616895675641 18.84342485666275 6.3265114724636069 8.0109690427780134 53.094595104455948 10.14233550429344 4.6297574490308779 3.5439142733812332 4.9779387414455414 6.8889956027269381 5.9346048682928076 5.1039717346429825 4.6266445666551581 9.3193951696157438 16.414471328258514 5.1334588378667831 32.64756153523922
leaf_count=118 625 744 57 389 647 1034 162 252 33 242 139 50 143 39 79 27 34 222 59 27 20 29 46 44 40 22 44 93 27 138
internal_value=-0.00107232 0.026467 -0.0618444 0.0395084 0.0261415 -0.0801502 -0.0249598 0.0621921 -0.0553748 -0.0611797 -0.00686884 -0.000670825 0.0381637 0.0578587 0.0666181 0.0496792 0.101739 0.0482216 -0.000739571 0.018159 -0.0378822 0.0110325 -0.0181473 0.00244182 0.0378273 -0.00687971 0.0423499 0.0445874 0.0934585 0.0656443
internal_weight=951.712 654.927 296.785 470.76 296.212 198.346 98.4388 174.548 43.6388 100.411 184.167 160.653 226.691 76.6467 67.2303 48.3869 14.3375 114.995 54.8001 36.32 18.48 8.52185 22.5147 17.9276 11.993 148.754 13.946 26.1777 9.76322 61.9
internal_count=5625 3087 2538 2088 1358 1901 637 730 325 867 999 860 969 322 283 204 61 478 312 206 106 49 163 130 86 810 66 147 54 256
is_linear=0
shrinkage=0.1


Tree=11
num_leaves=31
num_cat=0
split_feature=14 11 8 15 4 9 17 17 10 18 18 17 13 4 17 18 1 18 16 4 17 18 17 11 18 1 17 9 17 17
split_gain=134.432 24.09 19.4153 12.1151 11.2161 10.2364 10.0392 9.53675 8.03765 6.68874 8.93286 7.36324 6.5479 6.31414 6.19582 5.5191 5.30377 5.22694 5.13139 6.90527 7.14889 4.79654 4.93885 4.7742 4.54565 4.24733 4.22548 4.17999 4.08953 8.14799
threshold=1.0000000180025095e-35 1.0000000180025095e-35 1.0000000180025095e-35 1.0000000180025095e-35 20.500000000000004 1.5000000000000002 95.02500000000002 101.97500000000001 1.5000000000000002 246.85000000000002 3668.0250000000005 44.925000000000004 1.5000000000000002 17.500000000000004 78.125000000000014 1510.1000000000001 1.0000000180025095e-35 2110.7250000000008 1.5000000000000002 22.500000000000004 93.575000000000003 3265.2250000000004 95.575000000000003 1.5000000000000002 6290.2500000000009 1.0000000180025095e-35 24.575000000000006 1.5000000000000002 64.225000000000009 45.725000000000009
decision_type=2 2 2 2 2 2 2 2 2 2 2 2 2 2 2 2 2 2 2 2 2 2 2 2 2 2 2 2 2 2
left_child=1 3 18 5 6 9 26 -4 -9 11 12 -1 -11 16 -15 -14 -3 -6 19 -2 -21 -19 -23 -22 -24 -7 -5 -10 29 -28
right_child=2 13 7 4 17 25 -8 8 27 10 -12 -13 15 14 -16 -17 -18 21 -20 20 23 22 24 -25 -26 -27 28 -29 -30 -31
leaf_value=-0.012092997653342317 0.077812490187109798 0.0009568919486447942 -0.087360243182416669 0.19156609183020235 -0.017342703709108964 -0.056739428622788635 0.12275380314351587 0.078887612241475738 0.011700609663173529 -0.036710830401135978 0.14242842187234803 0.083967581615511253 0.085783199293166801 -0.069519627447256954 -0.006249983338230708 -0.031356319708008805 0.090170928656113258 0.056110953864298888 0.0077115909083906066 -0.092620242769080041 0.033551717229877813 -0.021231600075869172 0.057838802255698277 -0.052323749230810492 -0.046858600867719577 0.033601842782890017 0.065620025514996377 -0.072930782196755833 0.059254583849988322 -0.0090073254670868866
leaf_weight=11.085458621382712 4.5202346071600905 106.35741357505322 155.97976595908403 2.1336981356143943 27.437417596578598 26.445714667439461 21.966322407126427 5.687122367322444 7.9122270792722729 31.285241931676865 4.2022415399551383 28.480237171053886 10.394636482000353 26.688569948077202 36.846497535705566 6.5608973652124396 7.109170362353324 44.913341984152794 37.560802057385445 22.641829095780849 11.188764415681362 24.530639708042145 23.980174154043201 15.362794473767281 5.0139722228050223 6.4790410548448554 28.905535310506821 22.239730700850487 142.15796074271202 29.624646425247192
leaf_count=45 33 562 1604 9 136 129 94 34 51 155 21 121 46 184 181 28 32 200 270 213 69 117 101 102 24 29 126 162 606 141
internal_value=-0.0010575 0.0239072 -0.0586072 0.0356282 0.0451548 0.00888892 0.058538 -0.0766722 -0.0301553 0.026012 0.00259274 0.0570535 -0.00958831 -0.00758669 -0.0328271 0.0404564 0.00654654 0.0212551 -0.0206426 -0.0404701 -0.0513388 0.0320134 0.0117929 -0.016136 0.0397334 -0.0389618 0.0515832 -0.0507225 0.0500949 0.0278479
internal_weight=935.692 652.599 283.093 475.597 350.664 124.933 224.788 191.819 35.8391 92.0087 52.443 39.5657 48.2408 177.002 63.5351 16.9555 113.467 125.876 91.2744 53.7136 49.1934 98.4381 53.5248 26.5516 28.9941 32.9248 202.822 30.152 200.688 58.5302
internal_count=5625 3087 2538 2128 1554 574 976 1851 247 416 250 166 229 959 365 74 594 578 687 417 384 442 242 171 125 158 882 213 873 267
is_linear=0
shrinkage=0.1


Tree=12
num_leaves=31
num_cat=0
split_feature=14 8 8 4 17 17 18 17 18 18 18 11 17 17 6 18 4 17 16 4 4 18 18 0 4 13 10 15 4 1
split_gain=113.243 20.415 17.8409 10.7355 10.2094 9.07033 7.66013 5.77025 5.53198 4.89406 5.1167 4.52351 5.79724 4.48458 6.17722 4.28264 4.03237 5.63951 3.91415 3.84468 3.84211 3.49748 3.41845 4.41604 3.38533 3.35714 4.7812 3.88414 3.35527 3.34299
threshold=1.0000000180025095e-35 1.0000000180025095e-35 1.0000000180025095e-35 5.5000000000000009 83.225000000000009 101.97500000000001 6570.3750000000009 85.02500000000002 1537.3000000000002 1023.4000000000002 865.02500000000009 1.5000000000000002 103.97500000000001 85.375000000000014 1.5000000000000002 1201.4000000000003 42.500000000000007 98.02500000000002 2.5000000000000004 29.500000000000004 1.5000000000000002 1358.7250000000001 6570.3750000000009 1.0000000180025095e-35 26.500000000000004 1.5000000000000002 1.5000000000000002 1.0000000180025095e-35 52.500000000000007 1.0000000180025095e-35
decision_type=2 2 2 2 2 2 2 2 2 2 2 2 2 2 2 2 2 2 2 2 2 2 2 2 2 2 2 2 2 2
left_child=1 3 11 7 29 -4 28 18 9 10 -6 25 -13 19 24 -11 17 -3 -1 -10 -20 -17 -14 -24 -15 -2 -27 -28 -7 -5
right_child=2 16 5 4 8 6 -8 -9 13 15 -12 12 22 14 -16 21 -18 -19 20 -21 -22 -23 23 -25 -26 26 27 -29 -30 -31
leaf_value=0.054854731594092744 -0.045711308996480668 -0.0064586279912813909 -0.084481080800296232 -0.008290442249377316 0.06075242436816633 -0.0082196238352542066 -0.065610611826431783 0.096405575273388472 0.013640019787118512 0.15597852399137765 -0.043102233918745368 -0.064303724723069097 0.075902343867741695 0.011553268968301741 0.031105065596309558 0.01043936271580246 -0.046025991042096599 0.065253517427663194 0.048741750039748108 0.12800388873831672 -0.01366394633797129 0.11567547256655225 -0.096709367616734085 0.035266241258857932 -0.071385046958641452 0.081167132502758518 -0.083065052023399422 0.017481816395246937 0.093338318210791305 0.028161880759740767
leaf_weight=106.61874955892563 10.013022124767302 147.83059352636337 145.70164578408003 101.04306349158287 22.210563361644748 8.654724180698393 21.227773629128933 25.551145970821381 4.8657606542110425 8.707997530698778 6.0323788821697226 32.159138694405556 5.2353517711162558 9.4982923567295092 79.642836928367615 6.108048811554907 22.88119101524353 11.844859957695006 20.022585824131966 7.4256229847669601 19.448000401258469 6.5390291064977646 4.563637897372244 5.7047561556100845 10.213343828916548 9.2752594947814924 4.8809442371130016 18.049730099737644 5.2122962474822989 33.499402105808258
leaf_count=451 89 810 1604 523 92 46 174 113 21 36 25 283 28 41 340 25 139 50 84 32 82 27 35 39 48 63 33 117 27 148
internal_value=-0.00103903 0.0215934 -0.0553865 0.0326689 0.0211244 -0.0734883 -0.0278503 0.0525634 0.0380951 0.065885 0.0385702 -0.0189748 -0.0400886 0.0257495 0.0187002 0.10201 -0.00676499 -0.00113896 0.0448954 0.0827309 0.0179931 0.0648505 0.0101404 -0.0233884 -0.0314202 0.00486142 0.0205848 -0.00392024 0.0299537 0.000785733
internal_weight=920.662 649.983 270.678 467.427 295.786 180.796 35.0948 171.64 161.244 49.598 28.2429 89.8818 47.6629 111.646 99.3545 21.3551 182.557 159.675 146.089 12.2914 39.4706 12.6471 15.5037 10.2684 19.7116 42.219 32.2059 22.9307 13.867 134.542
internal_count=5625 3087 2538 2088 1358 1851 247 730 687 205 117 687 385 482 429 88 999 860 617 53 166 52 102 74 89 302 213 150 73 671
is_linear=0
shrinkage=0.1


Tree=13
num_leaves=31
num_cat=0
split_feature=14 11 8 15 3 4 17 9 6 18 8 18 17 4 16 18 18 17 13 18 0 18 17 4 17 18 16 4 17 17
split_gain=95.4335 17.7607 16.3189 9.53477 8.94744 10.2042 8.55175 8.12815 6.6141 6.50765 5.77948 5.56633 5.40457 5.06836 5.72853 4.93658 6.92102 6.06072 4.94495 4.84928 4.75796 5.72646 5.60794 4.64617 7.14744 4.37522 4.22805 5.89096 6.32507 4.22707
threshold=1.0000000180025095e-35 1.0000000180025095e-35 1.0000000180025095e-35 1.0000000180025095e-35 1.0000000180025095e-35 61.500000000000007 101.97500000000001 1.5000000000000002 1.0000000180025095e-35 6570.3750000000009 1.5000000000000002 1253.3250000000003 89.475000000000009 17.500000000000004 2.5000000000000004 246.85000000000002 3668.0250000000005 44.925000000000004 1.5000000000000002 2264.2750000000005 1.0000000180025095e-35 20.225000000000005 20.775000000000002 29.500000000000004 89.125000000000014 1510.1000000000001 1.5000000000000002 22.500000000000004 93.575000000000003 64.675000000000026
decision_type=2 2 2 2 2 2 2 2 2 2 2 2 2 2 2 2 2 2 2 2 2 2 2 2 2 2 2 2 2 2
left_child=1 3 26 7 5 8 -4 15 11 -8 -10 12 -5 20 -15 17 18 -1 -17 -13 22 -22 -3 24 -12 -20 27 -2 -29 -6
right_child=2 13 6 4 29 -7 9 -9 10 -11 23 19 -14 14 -16 16 -18 -19 25 -21 21 -23 -24 -25 -26 -27 -28 28 -30 -31
leaf_value=-0.014809122224463428 0.071204314589104839 -0.0090347063959827986 -0.081619177321136605 0.034060295251067782 -0.045975215346551697 -0.089050891976377722 0.026523534733025902 -0.037191146725326023 0.06804609476110525 -0.062035931345867414 0.0016692066549509701 -0.046751557107835753 0.12072883716793842 -0.016790638144630447 -0.09739544644924189 -0.034021194783148551 0.12060219473183156 0.072489011279390267 0.073562498023993561 0.037417655205746407 0.052032293176485979 -0.029915621829519991 0.05478543812320992 -0.032174281360242106 0.15461088165533968 -0.030856174534324522 0.0081262057268533094 -0.08853629587426079 -0.0142478552589618 0.017455951173335576
leaf_weight=11.079429745674132 4.649227909743785 25.195734605193138 136.2239348962903 83.892805129289627 14.231359243392943 5.5692743957042685 14.05450665950775 32.448722615838051 143.76105396449566 20.257403433322906 8.7356700450181979 15.511821642518045 7.8701065480709067 51.497942969202995 10.638432830572127 30.823487162590027 4.4216135740280142 28.179925560951233 10.393450796604158 12.250992372632025 10.400889992713926 47.336938336491585 30.358123436570168 11.141633018851278 4.6993994116783133 6.5363512039184561 37.337498642504215 20.424040913581848 26.116184897720814 40.133129194378853
leaf_count=45 33 145 1604 370 73 28 73 158 619 174 42 72 35 293 72 155 21 121 46 57 48 260 141 59 20 28 270 213 171 179
internal_value=-0.00100756 0.0195258 -0.0522974 0.0296292 0.0381146 0.0450184 -0.0703805 0.0058066 0.0476123 -0.0257611 0.0603849 0.0296234 0.0414935 -0.00763962 -0.0305911 0.0210659 0.000910128 0.0478525 -0.0101725 -0.00960992 0.00494842 -0.0151535 0.0258406 0.0155711 0.0551661 0.033248 -0.0174626 -0.036127 -0.0468491 0.000851146
internal_weight=906.171 647.108 259.063 471.68 347.797 293.433 170.536 123.883 287.863 34.3119 168.338 119.526 91.7629 175.428 62.1364 91.4343 52.1749 39.2594 47.7533 27.7628 113.292 57.7378 55.5539 24.5767 13.4351 16.9298 88.527 51.1895 46.5402 54.3645
internal_count=5625 3087 2538 2128 1554 1302 1851 574 1274 247 740 534 405 959 365 416 250 166 229 129 594 308 286 121 62 74 687 417 384 252
is_linear=0
shrinkage=0.1


Tree=14
num_leaves=31
num_cat=0
split_feature=14 17 11 14 4 16 1 16 13 4 17 12 17 5 0 4 17 18 7 18 17 18 18 6 15 1 4 13 17 17
split_gain=80.2776 15.946 14.4661 11.563 9.18207 9.45029 8.02387 6.88288 6.85312 5.92394 7.27658 5.22298 4.63537 5.03442 4.27923 6.05338 7.05318 5.68373 4.44922 5.48331 4.40145 4.24069 5.33804 3.88613 4.57595 4.32628 3.83966 4.84496 3.80667 5.10877
threshold=1.0000000180025095e-35 40.675000000000004 1.0000000180025095e-35 1.5000000000000002 1.5000000000000002 2.5000000000000004 1.0000000180025095e-35 1.5000000000000002 1.5000000000000002 10.500000000000002 69.52500000000002 1.5000000000000002 50.32500000000001 1.0000000180025095e-35 1.0000000180025095e-35 38.500000000000007 83.725000000000009 20.225000000000005 1.0000000180025095e-35 836.50000000000011 25.425000000000001 851.77500000000009 1054.6750000000002 1.0000000180025095e-35 1.0000000180025095e-35 1.0000000180025095e-35 20.500000000000004 1.5000000000000002 84.325000000000003 50.07500000000001
decision_type=2 2 2 2 2 2 2 2 2 2 2 2 2 2 2 2 2 2 2 2 2 2 2 2 2 2 2 2 2 2
left_child=2 -2 4 8 12 7 11 9 -3 10 -6 -7 13 -1 15 16 18 -16 19 -4 -20 -11 -23 -9 25 -25 27 28 29 -26
right_child=1 3 14 -5 5 6 -8 23 -10 21 -12 -13 -14 -15 17 -17 -18 -19 20 -21 -22 22 -24 24 26 -27 -28 -29 -30 -31
leaf_value=0.082855833261613041 -0.091155212181251 -0.054257687393932386 0.076479494641782594 -0.064197039300406086 -0.017575962506677378 -0.053713987531166713 0.072281094695771209 0.020567422900330569 0.0025163164073986207 -0.074483995944687909 0.078895244438933865 0.026928744490136276 0.079102402946373662 -0.0061637655932362881 0.045983951623653346 -0.058636078147570353 0.072703608880127377 -0.03222957714706607 -0.0066268868167753958 -0.030727281729575145 -0.11377433250794206 0.097334968678221556 -0.0061281702875235645 -0.01955372822239242 0.11081264873347658 0.080266546259659718 0.037393311370873449 0.10446541422391516 0.10108053170955998 -0.0036795350342803783
leaf_weight=10.104612156748773 66.536394447088242 29.208969607949257 13.466323822736742 74.553602382540703 12.400358811020849 34.577791213989258 8.2515421956777555 85.896703526377678 78.138517633080482 8.2387121915817243 21.161146938800812 10.461137562990187 45.301407903432846 17.111132904887199 10.581724926829336 11.595508694648741 18.463364616036415 76.180861957371235 32.177002653479576 7.3884837329387656 4.3524072244763365 5.3521579802036277 73.02421909570694 16.660155758261684 5.1167130172252717 5.8722669333219519 57.305002987384796 27.357283189892769 9.0007157325744611 16.353387385606766
leaf_count=41 879 313 63 812 56 168 35 381 534 46 90 48 211 69 48 67 81 436 194 49 21 25 351 79 23 25 251 121 38 70
internal_value=-0.000979921 -0.0492657 0.0176546 -0.0339432 0.0267854 0.020809 -0.0183743 0.0268836 -0.0129317 0.00758351 0.0432509 -0.0349832 0.059506 0.0268873 -0.00695618 0.00865571 0.0189432 -0.0226905 0.00164582 0.0384981 -0.0193933 -0.00623685 0.00093711 0.0372585 0.0476729 0.00646084 0.0557384 0.0739175 0.0464911 0.023606
internal_weight=892.19 248.437 643.752 181.901 469.546 397.029 53.2905 343.739 107.347 120.177 33.5615 45.0389 72.5172 27.2157 174.206 87.4431 75.8476 86.7626 57.3842 20.8548 36.5294 86.6151 78.3764 223.562 137.666 22.5324 115.133 57.8281 30.4708 21.4701
internal_count=5625 2538 3087 1659 2128 1807 251 1556 847 568 146 216 321 110 959 475 408 484 327 112 215 422 376 988 607 104 503 252 131 93
is_linear=0
shrinkage=0.1


Tree=15
num_leaves=31
num_cat=0
split_feature=14 17 8 14 4 7 13 17 4 15 0 5 9 17 11 4 1 17 17 18 17 16 17 4 17 18 17 17 17 17
split_gain=67.4293 15.111 12.2316 10.2468 7.53388 6.83814 5.86517 4.90883 3.65069 6.05722 11.0687 3.30319 3.93757 3.26214 3.31802 3.20902 3.69398 3.36037 3.72234 3.08699 3.87535 3.00451 4.61819 2.91715 2.85953 4.43988 3.3216 5.53696 4.15886 2.90234
threshold=1.0000000180025095e-35 40.675000000000004 1.0000000180025095e-35 1.5000000000000002 5.5000000000000009 1.0000000180025095e-35 1.5000000000000002 75.125000000000014 40.500000000000007 1.0000000180025095e-35 1.0000000180025095e-35 1.0000000180025095e-35 1.5000000000000002 26.275000000000002 1.5000000000000002 53.500000000000007 1.0000000180025095e-35 58.300000000000004 77.450000000000017 3083.5000000000005 97.225000000000009 1.5000000000000002 100.27500000000002 18.500000000000004 93.575000000000003 7865.6500000000005 105.92500000000003 96.450000000000017 108.62500000000001 58.300000000000004
decision_type=2 2 2 2 2 2 2 2 2 2 2 2 2 2 2 2 2 2 2 2 2 2 2 2 2 2 2 2 2 2
left_child=2 -2 4 6 7 11 8 -1 9 -3 -11 13 23 -6 -15 16 -4 -18 -19 20 -7 -22 -23 -13 29 26 27 -26 -28 -5
right_child=1 3 15 24 5 19 -8 -9 -10 10 -12 12 -14 14 -16 -17 17 18 -20 -21 21 22 -24 -25 25 -27 28 -29 -30 -31
leaf_value=0.029692519476824837 -0.088925230826960661 -0.078200081659254073 -0.0084533476774781968 -0.013432316139128526 -0.069522947258251408 0.024260060421520221 0.0022610554676221191 0.066327029403373636 -0.081250448438516948 -0.075131615103993021 0.20666697187876532 0.011442885342502006 -0.080617367707331536 0.049982581072042002 -0.045287520824256029 -0.062599797971602492 0.1062236083779147 -0.06716264458972751 0.043477566449730318 0.0051407468275941311 0.002450202990178384 0.14964716871130918 0.046177544914365536 -0.057831810588868118 0.062731184338236587 -0.11215799465100905 0.10641075872250023 -0.081524300133907268 -0.021329193584431867 -0.094139190652198182
leaf_weight=112.50624391436577 61.638027235865593 5.9309207051992434 149.34767214208841 5.2679872438311568 3.9322934150695827 138.06859923899174 78.25732684135437 54.194966360926628 16.483658283948898 2.7639967873692513 2.8118398562073708 18.50886803120375 11.666780970990656 16.991192251443866 4.6577899754047385 9.5379178002476674 5.2043740227818516 4.1864712983369818 11.111736163496969 67.438660830259323 5.3245599567890194 7.2410961836576488 10.669963553547857 9.0513022169470769 3.3053326383233133 7.1652169525623313 3.5339164137840262 13.644332341849802 9.1422297209501249 28.901477985084057
leaf_count=478 879 66 839 75 21 582 534 252 187 31 29 104 79 84 30 62 24 22 52 297 23 32 46 60 26 75 28 112 72 424
internal_value=-0.000938271 -0.0462766 0.0159914 -0.0314422 0.0246246 0.0149832 -0.0117904 0.0416025 -0.0510765 -0.0078517 0.0669767 -0.0136906 -0.031922 0.0142659 0.0294852 -0.00615869 -0.00298924 0.0368131 0.0132 0.0231072 0.0306187 0.0684022 0.0880083 -0.0113083 -0.0608664 -0.0415205 -0.0244364 -0.0533932 0.0142828 -0.0816964
internal_weight=878.487 238.846 639.64 177.208 460.252 293.551 106.248 166.701 27.9904 11.5068 5.57584 64.8082 39.227 25.5813 21.649 179.388 169.85 20.5026 15.2982 228.743 161.304 23.2356 17.9111 27.5602 70.9605 36.791 29.6258 16.9497 12.6761 34.1695
internal_count=5625 2538 3087 1659 2088 1358 847 730 313 126 60 378 243 135 114 999 937 98 74 980 683 101 78 164 812 313 238 138 100 499
is_linear=0
shrinkage=0.1


Tree=16
num_leaves=31
num_cat=0
split_feature=14 17 11 14 4 16 1 13 16 17 4 17 12 17 5 16 4 17 1 4 15 0 16 17 16 4 6 15 1 18
split_gain=56.7079 14.1931 10.4404 9.09435 7.182 7.50346 6.2324 5.06173 5.01129 4.88961 4.45535 4.72547 4.23287 4.00165 4.1206 3.79687 3.54216 5.13247 3.67998 3.28082 4.93976 7.68151 3.25254 3.19904 3.19479 4.06503 3.14082 3.69273 3.45101 3.40255
threshold=1.0000000180025095e-35 40.675000000000004 1.0000000180025095e-35 1.5000000000000002 1.5000000000000002 2.5000000000000004 1.0000000180025095e-35 1.5000000000000002 1.5000000000000002 29.925000000000001 10.500000000000002 69.52500000000002 1.5000000000000002 50.32500000000001 1.0000000180025095e-35 1.0000000180025095e-35 17.500000000000004 98.725000000000009 1.0000000180025095e-35 40.500000000000007 1.0000000180025095e-35 1.0000000180025095e-35 2.5000000000000004 105.02500000000002 1.5000000000000002 36.500000000000007 1.0000000180025095e-35 1.0000000180025095e-35 1.0000000180025095e-35 504.12500000000006
decision_type=2 2 2 2 2 2 2 2 2 2 2 2 2 2 2 2 2 2 2 2 2 2 2 2 2 2 2 2 2 2
left_child=2 -2 4 7 13 8 12 19 9 -6 11 -11 -7 14 -1 -13 18 22 -4 20 -3 -22 24 -19 -18 -26 -10 28 -28 -29
right_child=1 3 16 -5 5 6 -8 -9 26 10 -12 15 -14 -15 -16 -17 17 23 -20 -21 21 -23 -24 -25 25 -27 27 29 -30 -31
leaf_value=0.072526937692579799 -0.086682701577422139 -0.075152138189816239 -0.00083023605593648465 -0.057828711671239985 -0.11724563258142683 -0.050140667655305282 0.06153750189564712 0.0020320232165125431 0.016301567149840355 -0.010952865348780932 -0.0028898232791522292 0.11210386472768369 0.022659424301516563 0.070557219078103292 -0.008263991906816967 0.02656979562004208 -0.060718024257339881 0.062242871615459196 0.073070010938861563 -0.078319770183550838 -0.072064392410607067 0.15803531612731114 -0.098378042635063959 -0.023273169681994249 0.036069045632837776 -0.070462918362824728 -0.019733525535703723 0.083088223264439542 0.069352370343696984 0.039517009308693229
leaf_weight=10.006837487220766 57.142335668206215 5.5730714574456233 105.1136662364006 67.552086345851421 3.1398483514785758 33.918386772274971 8.2742976695299131 78.364113375544548 85.671003803610802 11.359663650393484 84.012729547917843 10.364090725779533 10.44662621617317 43.272897154092789 17.102294385433197 10.395015880465508 17.168010354042053 8.7248417437076586 7.1999033838510504 15.44473524391651 2.6019822806119919 3.2793170511722565 8.9950215220451337 8.7731412798166257 10.924550719559194 5.3290480673313132 16.553264781832699 22.282936230301857 5.8976348340511313 91.595820620656013
leaf_count=41 879 66 562 812 17 168 35 534 381 52 409 45 48 211 69 45 117 38 32 187 31 29 68 43 64 35 79 101 25 402
internal_value=-0.000916029 -0.0434784 0.0144606 -0.0291926 0.0222608 0.0170035 -0.0181385 -0.0108156 0.022424 0.00589171 0.00922097 0.0408991 -0.0329984 0.0516843 0.0215585 0.0692731 -0.0065673 -0.0262023 0.00390717 -0.0482439 -0.00769057 0.0562355 -0.0450008 0.0193668 -0.030635 0.00114054 0.0313061 0.0407351 0.00366848 0.0480427
internal_weight=866.479 229.958 636.522 172.815 464.293 393.911 52.6393 105.263 341.272 119.271 116.131 32.1188 44.365 70.382 27.1091 20.7591 172.228 59.9146 112.314 26.8991 11.4544 5.8813 42.4166 17.498 33.4216 16.2536 222.001 136.33 22.4509 113.879
internal_count=5625 2538 3087 1659 2128 1807 251 847 1556 568 551 142 216 321 110 90 959 365 594 313 126 60 284 81 216 99 988 607 104 503
is_linear=0
shrinkage=0.1


Tree=17
num_leaves=31
num_cat=0
split_feature=14 8 4 17 7 9 6 13 4 4 14 17 10 15 4 18 17 5 3 18 18 15 6 9 18 18 1 17 6 17
split_gain=47.8179 17.7509 7.48127 5.98328 5.97276 5.95105 5.49336 9.99146 5.85459 5.29595 5.24348 5.3403 6.37606 5.13588 4.449 4.39268 4.36107 3.86368 6.23178 3.99086 4.64671 3.13131 4.10102 3.56029 3.04031 3.24223 3.49757 3.36318 2.86929 5.34995
threshold=1.5000000000000002 1.0000000180025095e-35 17.500000000000004 93.575000000000003 1.0000000180025095e-35 1.5000000000000002 1.0000000180025095e-35 1.5000000000000002 14.500000000000002 69.500000000000014 1.0000000180025095e-35 101.97500000000001 1.5000000000000002 1.0000000180025095e-35 2.5000000000000004 7865.6500000000005 44.925000000000004 1.0000000180025095e-35 1.0000000180025095e-35 988.50000000000011 2007.1000000000001 1.0000000180025095e-35 1.5000000000000002 1.5000000000000002 552.67500000000007 219.57500000000002 1.0000000180025095e-35 25.275000000000002 1.5000000000000002 74.925000000000026
decision_type=2 2 2 2 2 2 2 2 2 2 2 2 2 2 2 2 2 2 2 2 2 2 2 2 2 2 2 2 2 2
left_child=1 2 5 -2 17 6 8 24 14 28 -3 -12 -13 -7 16 21 -1 18 19 -4 -21 -5 -23 -24 25 26 27 -8 -6 -30
right_child=3 10 4 15 9 13 7 -9 -10 -11 11 12 -14 -15 -16 -17 -18 -19 -20 20 -22 22 23 -25 -26 -27 -28 -29 29 -31
leaf_value=-0.033872156628489525 -0.086829312978963416 -0.0055967991453898022 0.12192460702977832 -0.068752753333558236 -0.0051151866935573963 -0.045603404624934535 -0.047481476760003721 0.097195380842091353 0.12422058611369964 -0.098638198810191868 -0.053539308274019141 0.12792520102876118 -0.02246560446741068 0.018892553670506507 0.0011965400090896646 -0.11026249251451839 0.04916269675103796 -0.052119715701006653 -0.10083391841548438 -0.048064987948107249 0.078015445320393881 -0.076050628245153559 0.11258628654521048 0.0011005991730238377 -0.0074233885289963671 0.081270544899215841 0.086052590769446061 0.033606243508233789 -0.095991489758227064 0.027050046207087987
leaf_weight=7.2203882336616507 60.418087892234325 177.81838297098875 3.9434607625007656 8.3743425384163874 48.880179986357689 16.976556867361069 7.9373176693916383 34.795190408825874 5.4745606929063788 4.1682225242257109 52.402886278927326 3.6916588693857166 11.927091181278229 45.27206613868475 67.908507309854031 6.2550616934895507 51.015441000461578 26.894565291702747 4.3135988116264334 6.8299100846052152 5.1103121042251587 4.7978592887520799 3.8824408873915663 10.925049886107445 16.026575312018394 14.967614866793154 6.9402450472116461 14.384552724659441 3.6399228274822226 121.24435536563396
leaf_count=29 1034 999 25 73 247 81 33 163 26 30 664 19 71 213 309 75 235 217 31 42 31 40 31 94 71 68 32 64 16 562
internal_value=-0.00087909 0.00747073 0.0180422 -0.0679036 0.00437108 0.0286899 0.0362109 0.0545299 0.0229815 0.0127525 -0.0146295 -0.0382424 0.0130809 0.0013031 0.0185878 -0.0345031 0.0388676 -0.0272974 0.0057558 0.0347028 0.00589635 -0.0175665 0.00429747 0.0303315 0.0298926 0.043414 0.0240503 0.00477268 0.0154245 0.0234638
internal_weight=854.436 759.784 513.944 94.6528 225.025 288.919 226.67 95.0515 131.619 177.933 245.84 68.0216 15.6188 62.2486 126.144 34.2348 58.2358 47.0918 20.1973 15.8837 11.9402 27.9797 19.6054 14.8075 60.2563 44.2297 29.2621 22.3219 173.764 124.884
internal_count=5625 4278 2525 1347 1201 1324 1030 431 599 855 1753 754 90 294 573 313 264 346 129 98 73 238 165 125 268 197 129 97 825 578
is_linear=0
shrinkage=0.1


Tree=18
num_leaves=31
num_cat=0
split_feature=14 8 4 17 17 17 4 17 16 12 18 18 12 18 18 16 17 0 15 18 10 17 15 18 17 17 17 16 17 3
split_gain=41.1902 14.4891 6.16214 5.83676 5.78142 4.68008 4.66937 5.45445 4.51754 4.32224 4.09739 3.65725 3.34964 4.59068 3.29459 4.34701 3.60673 5.38905 3.29387 2.97898 5.64849 2.94434 5.00903 2.85471 3.12635 5.41585 3.21808 2.7976 3.79862 2.77236
threshold=1.5000000000000002 1.0000000180025095e-35 5.5000000000000009 70.075000000000003 93.575000000000003 85.02500000000002 22.500000000000004 54.675000000000004 1.5000000000000002 1.5000000000000002 7865.6500000000005 3211.5500000000006 1.5000000000000002 317.07500000000005 35.175000000000004 2.5000000000000004 53.57500000000001 1.0000000180025095e-35 1.0000000180025095e-35 696.57500000000016 1.5000000000000002 19.875000000000004 1.0000000180025095e-35 4583.8750000000009 96.450000000000017 105.92500000000003 108.62500000000001 1.0000000180025095e-35 67.575000000000017 1.0000000180025095e-35
decision_type=2 2 2 2 2 2 2 2 2 2 2 2 2 2 2 2 2 2 2 2 2 2 2 2 2 2 2 2 2 2
left_child=1 2 5 11 -2 27 9 -8 29 14 23 12 13 -4 -3 -16 21 -18 -7 -11 -21 22 -17 -6 -25 -26 -27 28 -1 -5
right_child=4 6 3 8 10 18 7 -9 -10 19 -12 -13 -14 -15 15 16 17 -19 -20 20 -22 -23 -24 24 25 26 -28 -29 -30 -31
leaf_value=0.0069416866802869473 -0.0846970070385068 0.020401622593848923 0.054209816830587954 0.007997014799481228 -0.11914565976740391 -0.00072816377343946784 -0.067168236857355387 -0.015687065290976448 0.025403244262253467 -0.016441507912713673 -0.10919372768865734 -0.12072187878132978 0.021668659911065688 -0.034275930308743076 0.0027055572681473098 -0.058459308375574365 0.099236399913941176 -0.05789657996511173 0.094508634248951964 0.11593519281654913 -0.020376486845187416 -0.079312334680131782 0.10229138245071573 0.092597807069826177 -0.069365716614246412 0.10955376086164721 -0.0056968506990245707 0.021488280041926697 0.12503851115026487 -0.032182970281843491
leaf_weight=4.8086951076984388 55.975441444665194 29.797707676887512 6.6627448797225943 69.501825027167797 2.4525465592741993 4.5681391358375576 27.589368496090174 81.010671213269234 175.270124129951 5.890183791518214 5.7123726084828368 3.1211301460862151 23.084423720836639 48.854938760399818 45.951015081256628 6.7472725063562411 4.0212894305586797 4.7735254392027855 17.713459491729736 8.7993146106600744 4.6445213705301276 21.280233599245548 2.7197849787771702 2.8452529460191753 10.849435076117517 3.473416991531848 8.0095029622316343 128.80159345269203 6.2814199030399323 22.807665251195431
leaf_count=20 1034 145 30 350 19 21 330 595 799 29 75 27 138 326 283 62 22 28 93 44 25 166 24 23 101 27 68 571 29 121
internal_value=-0.000845894 0.00675391 0.0163088 0.0088298 -0.0650612 0.0324176 -0.0133389 -0.0287656 0.0159736 -0.000894452 -0.0320966 -0.0145606 -0.0103452 -0.0236566 -0.00823208 -0.018212 -0.0425199 0.01395 0.0749833 0.0428606 0.0688428 -0.0586723 -0.0122773 -0.0161573 -0.00612519 -0.018703 0.0291648 0.0256379 0.0738315 -0.00193058
internal_weight=844.019 754.701 511.476 349.303 89.318 162.173 243.225 108.6 267.58 134.625 33.3425 81.7232 78.6021 55.5177 115.291 85.4931 39.5421 8.79481 22.2816 19.334 13.4438 30.7473 9.46706 27.6302 25.1776 22.3324 11.4829 139.892 11.0901 92.3095
internal_count=5625 4278 2525 1791 1347 734 1753 925 1270 828 313 521 494 356 730 585 302 50 114 98 69 252 86 238 219 196 95 620 49 471
is_linear=0
shrinkage=0.1


Tree=19
num_leaves=31
num_cat=0
split_feature=14 11 4 15 3 17 17 4 17 18 17 5 17 6 17 18 18 18 18 18 18 9 4 1 17 18 4 10 17 3
split_gain=35.4526 12.0571 6.76879 5.88826 5.56941 5.54121 4.74467 8.59905 5.29265 4.2214 8.88337 5.53047 5.61834 5.05558 4.74975 3.81207 3.73706 3.6587 3.62347 3.17676 5.98111 4.89567 4.1034 2.98546 2.8744 2.96297 3.85291 3.85081 8.57598 3.73992
threshold=1.5000000000000002 1.0000000180025095e-35 69.500000000000014 1.0000000180025095e-35 1.0000000180025095e-35 93.575000000000003 98.02500000000002 18.500000000000004 100.075 1253.3250000000003 94.125000000000014 1.0000000180025095e-35 29.925000000000001 1.5000000000000002 74.725000000000009 7865.6500000000005 96.075000000000003 1463.4750000000001 1931.1000000000001 3265.2250000000004 2343.0250000000001 1.5000000000000002 46.500000000000007 1.0000000180025095e-35 53.925000000000004 3334.9250000000006 29.500000000000004 1.5000000000000002 78.125000000000014 1.0000000180025095e-35
decision_type=2 2 2 2 2 2 2 2 2 2 2 2 2 2 2 2 2 2 2 2 2 2 2 2 2 2 2 2 2 2
left_child=1 2 3 16 9 -2 7 23 -8 10 11 12 -5 17 -15 -7 -1 -11 -16 20 21 -19 -22 -3 -9 26 -26 28 -28 -29
right_child=5 6 -4 4 -6 15 8 24 -10 13 -12 -13 -14 14 18 -17 -18 19 -20 -21 22 -23 -24 -25 25 -27 27 29 -30 -31
leaf_value=0.032390467730065674 -0.082522832242609687 -0.006741635714154085 -0.10214958658188772 0.012397990777281485 -0.0044645040171667665 -0.01491326858172524 0.094042069748669133 -0.072831746255359417 0.0014747946572996338 -0.091248749293649831 0.11832514849294105 0.024176735364521553 0.11454153589375103 -0.060605283997541518 0.080083502290615755 -0.10824484903785175 -0.0096752510211648244 -0.06235459426980338 0.024851318368192127 -0.052505233991758542 0.11739307042016958 0.047650856235364476 -0.010428289890830632 0.059525186919152963 -0.046531231286862242 -0.065146172250047832 -0.11483461509992765 0.1255802144740448 0.12345574426599469 -0.016928603379626924
leaf_weight=26.016621276736259 51.915768701583147 110.39990147203207 4.9079567641019812 8.5034489110112208 63.693051386624575 27.298886798322201 7.3735845461487761 26.165696486830711 38.053493268787861 5.2891883850097647 12.901850506663321 133.60675394535065 14.683983370661734 5.6735055521130553 14.179636314511297 5.2117584794759741 112.18580241128802 11.062393888831144 73.173428319394588 9.5073629319667798 7.0874830484390241 6.378156676888465 3.8899708837270737 7.2447349354624739 16.220635250210766 16.94596441835165 4.3231573477387411 4.8872997164726257 2.321282185614109 2.9549495577812195
leaf_count=118 1034 680 38 39 336 238 36 341 203 27 69 620 66 34 63 75 620 57 340 60 33 34 24 35 120 160 42 42 15 26
internal_value=-0.000815188 0.00610378 0.0147241 0.0158536 0.0224379 -0.0622495 -0.0125545 -0.0194481 0.0165 0.0280387 0.0385639 0.0320007 0.0770828 0.014929 0.0280583 -0.0298752 -0.00175637 -0.0133341 0.0338169 -0.00246793 0.0142723 -0.0221247 0.0720983 -0.00266082 -0.0462018 -0.0315797 -0.013056 0.024426 -0.0315862 0.0718831
internal_weight=834.058 749.631 512.741 507.833 369.63 84.4264 236.891 191.464 45.4271 305.937 169.696 156.794 23.1874 136.241 93.0266 32.5106 138.202 43.2146 87.3531 37.9254 28.418 17.4406 10.9775 117.645 73.819 47.6533 30.7073 14.4867 6.64444 7.84225
internal_count=5625 4278 2578 2540 1802 1347 1700 1461 239 1466 794 725 105 672 437 313 738 235 403 208 148 91 57 715 746 405 245 125 57 68
is_linear=0
shrinkage=0.1


Tree=20
num_leaves=31
num_cat=0
split_feature=14 8 17 4 4 17 17 18 14 13 17 12 9 18 18 4 18 18 15 18 18 17 18 17 17 9 17 17 4 17
split_gain=30.399 10.2054 5.31632 5.21032 4.18389 4.85785 4.25822 3.55698 3.54394 4.37139 3.19943 5.21457 3.421 3.12977 3.68001 2.9499 2.92097 3.14874 4.96165 6.54492 4.49884 4.24641 3.95551 2.81271 3.88441 5.96972 5.90396 4.46741 3.00817 4.97345
threshold=1.5000000000000002 1.0000000180025095e-35 93.575000000000003 69.500000000000014 2.5000000000000004 83.225000000000009 75.575000000000003 7865.6500000000005 1.0000000180025095e-35 1.5000000000000002 85.375000000000014 1.5000000000000002 1.5000000000000002 2496.2000000000003 3170.3500000000008 8.5000000000000018 3032.9750000000004 2264.2750000000005 1.0000000180025095e-35 2540.6750000000006 1253.3250000000003 80.625000000000014 1410.7250000000001 95.725000000000009 100.27500000000002 1.5000000000000002 99.02500000000002 100.87500000000001 31.500000000000004 88.425000000000026
decision_type=2 2 2 2 2 2 2 2 2 2 2 2 2 2 2 2 2 2 2 2 2 2 2 2 2 2 2 2 2 2
left_child=1 3 -2 4 6 16 -1 -4 -3 15 11 12 -7 -11 -15 -10 17 20 -19 -20 -6 22 -22 28 25 -25 -27 -26 -12 -30
right_child=2 8 7 -5 5 10 -8 -9 9 13 23 -13 -14 14 -16 -17 -18 18 19 -21 21 -23 -24 24 27 26 -28 -29 29 -31
leaf_value=0.021763386972405926 -0.080299982783809593 -0.0042489140287963181 -0.013572705453529045 -0.09678445712448816 0.0063614451526874081 0.051443757258926429 0.071868409779367551 -0.10740074768338492 0.041166949032934518 -0.077089242024490412 0.01676317264774085 -0.0073081326946439389 0.14455055327520647 0.11113002026240965 -0.0055537575132493244 -0.068297326601897759 -0.045973535306485541 -0.042325247258632445 0.16025952448655562 0.014985682857645073 -0.11274870573885387 0.071867657281661154 -0.026744913574561727 0.090628109717642125 -0.062666649860188911 -0.053988466656371442 0.072010494212028486 0.023090066430706574 0.064107416240316392 -0.041118107156176593
leaf_weight=74.154887013137341 48.210080958902836 175.09548737853765 27.011461123824123 4.2453793324530116 136.0923079252243 10.353373825550081 21.991789162158966 4.7509612664580336 2.6972067765891579 5.1986850574612609 59.176995195448399 9.0460890829563159 6.3769438639283171 3.0482818856835392 23.854602873325348 28.213556546717882 13.446144901216028 4.9775463044643411 5.3077062219381332 7.4598606303334236 6.7993129454553154 3.4385170042514792 25.048531617969275 19.917258143424988 6.9842959046363822 7.6922714263200742 7.1994640231132507 46.640131726861 5.4882550761103657 24.738409370183945
leaf_count=330 1034 999 238 34 666 45 119 75 44 50 266 44 29 27 168 465 96 31 29 41 45 16 155 93 34 37 34 222 30 129
internal_value=-0.000784228 0.00550761 -0.0593722 0.0135335 0.0144659 0.0100257 0.033224 -0.0276073 -0.0115676 -0.0319043 0.0209337 0.0538592 0.0869324 -0.00605857 0.00766732 -0.0587457 -0.000938509 0.00226335 0.0423624 0.0753786 -0.00188864 -0.0337075 -0.0451062 0.0161613 0.0288064 0.0548194 0.00692619 0.0119207 0.00365349 -0.0220123
internal_weight=824.656 744.683 79.9725 506.575 502.33 406.183 96.1467 31.7624 238.108 63.0123 203.613 25.7764 16.7303 32.1016 26.9029 30.9108 202.57 189.124 17.7451 12.7676 171.379 35.2864 31.8478 177.837 88.4334 34.809 14.8917 53.6244 89.4037 30.2267
internal_count=5625 4278 1347 2525 2491 2042 449 313 1753 754 963 118 74 245 195 509 1079 983 101 70 882 216 200 845 420 164 71 256 425 159
is_linear=0
shrinkage=0.1


Tree=21
num_leaves=31
num_cat=0
split_feature=14 11 4 17 4 15 3 6 17 4 12 17 17 4 4 4 17 5 15 17 17 4 4 4 8 17 4 4 1 18
split_gain=26.0209 9.06113 5.23356 5.06876 4.56404 4.68264 3.86094 4.1521 3.85604 3.74524 6.59971 4.64856 3.7624 3.35267 3.401 3.75197 3.24051 3.18348 3.11654 3.11123 6.11616 3.03792 5.06871 2.88301 2.82316 3.86237 3.68864 2.81948 2.72621 3.86569
threshold=1.5000000000000002 1.0000000180025095e-35 69.500000000000014 93.575000000000003 1.5000000000000002 1.0000000180025095e-35 1.0000000180025095e-35 1.0000000180025095e-35 49.225000000000009 5.5000000000000009 1.5000000000000002 83.725000000000009 63.725000000000009 71.500000000000014 65.500000000000014 61.500000000000007 50.32500000000001 1.0000000180025095e-35 1.0000000180025095e-35 105.92500000000003 109.97500000000001 58.500000000000007 68.500000000000014 43.500000000000007 1.5000000000000002 94.475000000000009 34.500000000000007 69.500000000000014 1.0000000180025095e-35 4190.5750000000007
decision_type=2 2 2 2 2 2 2 2 2 2 2 2 2 2 2 2 2 2 2 2 2 2 2 2 2 2 2 2 2 2
left_child=1 2 4 -2 16 28 7 23 -8 11 -11 12 -3 14 15 18 17 -1 -5 27 -21 -12 -23 -7 -9 -26 -27 -16 29 -6
right_child=3 9 -4 13 5 6 8 24 -10 10 21 -13 -14 -15 19 -17 -18 -19 -20 20 -22 22 -24 -25 25 26 -28 -29 -30 -31
leaf_value=0.056496875715831098 -0.078023493069560107 0.0088400910682396305 -0.096365360618842211 -0.085648659106540057 -0.022375913477075085 0.0095512299818847277 -0.086989725298546372 0.036556067473432166 0.00081403989242530338 -0.037401404053504096 0.012642668439786878 0.095459411295451033 -0.073195993483906069 -0.083047515874408562 -0.11291516750028924 -0.11697024625669911 0.056153703354541423 -0.015046508075541415 0.037190901719054842 0.22587887638552809 0.0063373288751552657 -0.070948057386345686 0.073218845983010789 -0.054075861911114881 -0.025399428850910368 0.12767973938859992 0.0086050141040695093 0.046893408391249017 0.023245270022966242 0.043384470693199451
leaf_weight=9.7979124933481234 44.830802295356989 55.469974733889103 4.3810621164739123 3.0943800136447006 82.405103530734777 88.836506471037865 5.5420801676809779 137.767235070467 51.294405899941921 91.565825149416924 59.719648107886314 5.6345970630645743 6.217152312397956 7.630788203328847 1.9795417860150317 4.260038048028945 39.346513450145721 17.030152797698975 6.2107713967561722 2.0342222116887569 3.3730964139103889 10.98333966732025 3.1347923502326003 7.741970892995595 18.661330621689562 3.8732999265193921 7.9231309667229652 2.4960753545165062 22.979774281382561 10.026887595653532
leaf_count=42 1034 306 38 25 463 414 35 640 270 881 353 26 28 108 20 36 211 69 43 17 38 79 27 55 108 18 41 26 110 64
internal_value=-0.000749075 0.00496817 0.0124591 -0.0565082 0.0134065 0.0097008 0.0159012 0.0209771 -0.00774763 -0.0113706 -0.0194639 0.00851381 0.000572064 -0.0254728 -0.00673613 -0.0392433 0.037881 0.0110819 -0.00365876 0.0378828 0.0889284 0.00278035 -0.0389372 0.00445072 0.0304649 0.00291333 0.0477026 -0.0237891 -0.00757901 -0.0152423
internal_weight=816.242 740.333 507.607 75.9097 503.226 437.052 321.64 264.803 56.8365 232.725 165.404 67.3217 61.6871 31.0789 23.4481 13.5652 66.1746 26.8281 9.30515 9.88294 5.40732 73.8378 14.1181 96.5785 168.225 30.4578 11.7964 4.47562 115.412 92.432
internal_count=5625 4278 2578 1347 2540 2218 1581 1276 305 1700 1340 360 334 313 205 104 322 111 68 101 55 459 106 469 807 167 59 46 637 527
is_linear=0
shrinkage=0.1


Tree=22
num_leaves=31
num_cat=0
split_feature=14 11 17 4 4 16 1 12 16 0 17 4 18 4 17 0 17 17 17 4 3 2 16 18 18 18 4 18 16 18
split_gain=22.3229 7.40374 4.75406 4.49872 3.82068 4.08316 4.77258 4.34327 3.53945 4.72853 6.433 6.33622 5.82519 3.32326 6.72317 3.87689 5.88536 4.48161 4.20312 4.14761 3.76416 4.58819 3.53454 3.35055 3.30284 7.6933 4.28795 4.14727 3.24841 3.23755
threshold=1.5000000000000002 1.0000000180025095e-35 93.575000000000003 69.500000000000014 1.5000000000000002 2.5000000000000004 1.0000000180025095e-35 1.5000000000000002 1.5000000000000002 1.0000000180025095e-35 55.175000000000004 23.500000000000004 174.72500000000002 18.500000000000004 99.175000000000026 1.0000000180025095e-35 83.725000000000009 75.575000000000003 53.57500000000001 2.5000000000000004 1.0000000180025095e-35 1.0000000180025095e-35 1.0000000180025095e-35 2900.3750000000005 4138.4750000000013 3265.2250000000004 31.500000000000004 4870.2750000000005 2.5000000000000004 7865.6500000000005
decision_type=2 2 2 2 2 2 2 2 2 2 2 2 2 2 2 2 2 2 2 2 2 2 2 2 2 2 2 2 2 2
left_child=1 3 -2 4 -1 8 7 -7 -6 -10 11 -11 -12 15 -15 16 17 18 22 -17 21 -21 -3 -16 25 26 -14 -26 -20 -4
right_child=2 13 29 -5 5 6 -8 -9 9 10 12 -13 24 14 23 19 -18 -19 28 20 -22 -23 -24 -25 27 -27 -28 -29 -30 -31
leaf_value=0.034728836211965396 -0.075690247823705037 0.085474373698290571 -0.010853775739931557 -0.093110040368578117 0.00012617208747933551 -0.046328764036221715 0.053519367526927264 0.020329172275738133 0.0061277911738196154 0.13962018367946025 -0.095592749228517043 -0.01006551692910547 0.024431976598462118 -0.04096622294409083 0.099135307490760938 0.016942616536956188 0.089416252900289719 -0.091862664012711079 0.027943204441021347 -0.039271846192507752 -0.093758324505726132 0.059334608532887217 -0.013268160835765633 0.0013288160290408537 0.14174667516576539 -0.068322796646440448 0.10732676603872338 0.037203555938450067 0.1422217016043493 -0.10629939570807888
leaf_weight=65.053876087069511 41.751873560249805 4.0824787616729727 26.343094229698185 4.0956649221479884 143.21506522223353 35.583563920110464 8.4091042280197126 13.477140225470064 119.6195741891861 10.140717804431914 3.8103052824735633 3.9215351268649092 64.546622794121504 71.461816694587469 3.9303320646286002 22.782023191452026 9.8598776608705503 4.3636690080165854 6.9695123843848688 23.813743598759178 8.935977738350628 5.8849090486764899 32.359601177275181 32.17749197781086 5.4819645881652859 8.4749696627259237 6.90799806267023 12.328553754836319 3.8677639216184616 4.1081167943775645
leaf_count=322 1034 28 238 38 790 200 37 72 569 47 17 25 294 759 17 114 44 21 37 159 71 35 214 180 28 40 35 64 21 75
internal_value=-0.000716701 0.00449171 -0.0537764 0.0112692 0.0121225 0.0087489 -0.0160869 -0.0280176 0.0125204 0.0200663 0.0344879 0.0978774 0.02571 -0.0103597 -0.0231955 0.000873208 0.0186203 0.00510363 0.0140532 -0.0168988 -0.0368543 -0.0197326 -0.00220638 0.011975 0.0304389 0.0217614 0.032446 0.0693813 0.0687286 -0.0237302
internal_weight=807.759 735.556 72.2031 505.067 500.971 435.917 57.4698 49.0607 378.447 235.232 115.613 14.0623 101.55 230.489 107.57 122.92 61.5029 51.643 47.2794 61.4167 38.6346 29.6987 36.4421 36.1078 97.7401 79.9296 71.4546 17.8105 10.8373 30.4512
internal_count=5625 4278 1347 2578 2540 2218 309 272 1909 1119 550 72 478 1700 956 744 365 321 300 379 265 194 242 197 461 369 329 92 58 313
is_linear=0
shrinkage=0.1


Tree=23
num_leaves=31
num_cat=0
split_feature=14 4 18 9 17 18 17 4 4 17 17 17 17 12 5 2 18 18 17 17 17 14 16 4 4 6 2 15 2 18
split_gain=19.0336 6.51075 8.71646 6.66841 5.38537 4.52298 4.75055 3.3118 3.13464 5.28983 5.92098 2.88977 2.77888 2.74437 4.51147 4.16597 3.60816 4.01556 3.43978 3.05559 4.03214 2.72033 4.30488 3.78059 3.55548 3.82846 2.81626 2.67445 3.50126 4.38498
threshold=1.5000000000000002 22.500000000000004 2110.7250000000008 1.0000000180025095e-35 97.225000000000009 2457.4250000000006 54.475000000000009 25.500000000000004 71.500000000000014 105.92500000000003 108.62500000000001 84.825000000000003 95.575000000000003 1.5000000000000002 1.0000000180025095e-35 1.0000000180025095e-35 1034.7250000000001 762.35000000000014 70.725000000000009 79.625000000000014 84.625000000000014 1.0000000180025095e-35 1.5000000000000002 31.500000000000004 26.500000000000004 1.0000000180025095e-35 1.0000000180025095e-35 1.0000000180025095e-35 1.0000000180025095e-35 184.12500000000003
decision_type=2 2 2 2 2 2 2 2 2 2 2 2 2 2 2 2 2 2 2 2 2 2 2 2 2 2 2 2 2 2
left_child=1 3 11 4 13 -2 -7 12 9 -8 -11 21 -4 -1 -15 16 17 18 -16 -20 -21 22 23 24 25 -3 -25 28 29 -5
right_child=5 2 7 27 -6 6 8 -9 -10 10 -12 -13 -14 14 15 -17 -18 -19 19 20 -22 -23 -24 26 -26 -27 -28 -29 -30 -31
leaf_value=0.011260973954601919 -0.089668688326751289 -0.066659708956164354 0.0093192731520881627 -0.01201279242194107 0.0835983372370315 0.12998350757424446 -0.052146612420209251 -0.0015701563520936644 -0.087891906080695845 0.15660758778676598 -0.010927361675011295 -0.15782422711784483 0.11607240852162662 0.099533366299027259 -0.014815922959340328 -0.011637256896003262 0.086140397049103881 -0.039945755708825914 0.1357855478224361 -0.032250819812266206 0.075005041526958249 -0.071884046671277943 -0.052205247565400292 0.023816497265046976 0.13560161706024518 0.083347575518408046 -0.11816106938897404 0.0072098986046608155 0.017786707973564405 -0.072923501240405905
leaf_weight=194.1762457638979 20.982836250215769 3.3021073564887029 5.3786620050668699 35.5751858279109 12.987075984477995 1.7040594704449166 24.281002920120955 222.33925171941519 10.556694958359001 2.8063528090715399 8.495609447360037 2.1037993878126136 4.4606644660234451 9.099062152206896 7.8643725067377117 21.829192519187927 12.958772569894789 7.6036664918065062 4.4971471577882793 5.0003253668546703 11.721134856343268 16.776954352855682 21.895192086696625 2.693299025297164 3.419256903231144 3.5097016915678978 2.9030358642339706 82.873187303543091 18.963151097297668 17.699060060083866
leaf_count=926 574 23 23 208 66 40 430 1361 206 17 80 10 20 43 38 109 59 36 22 24 63 291 146 19 23 20 24 448 145 131
internal_value=-0.000683632 0.00404596 -0.00763589 0.0116637 0.0206734 -0.0509594 -0.0339827 0.000942283 -0.0400384 -0.0258413 0.0306727 -0.0428223 0.0577159 0.017699 0.033214 0.0247713 0.0407802 0.0247576 0.0416742 0.0626114 0.0429316 -0.038383 -0.0234836 0.0162493 0.0523958 0.0106297 -0.0498328 -0.00504953 -0.019114 -0.0322489
internal_weight=800.456 731.63 288.782 442.848 287.737 68.8266 47.8437 232.179 46.1397 35.583 11.302 56.6033 9.83933 274.75 80.5737 71.4746 49.6454 36.6866 29.083 21.2186 16.7215 54.4995 37.7226 15.8274 10.2311 6.81181 5.59633 155.111 72.2374 53.2742
internal_count=5625 4278 1960 2318 1386 1347 773 1404 733 527 97 556 43 1320 394 351 242 183 147 109 87 546 255 109 66 43 43 932 484 339
is_linear=0
shrinkage=0.1


end of trees

feature_importances:
MonthlyCharges=184
TotalCharges=115
tenure=114
Contract=41
PaymentMethod=33
PaperlessBilling=29
SeniorCitizen=28
StreamingMovies=23
TechSupport=21
gender=20
OnlineSecurity=20
MultipleLines=15
InternetService=15
OnlineBackup=13
PhoneService=12
StreamingTV=11
Dependents=10
Partner=9
DeviceProtection=7

parameters:
[boosting: gbdt]
[objective: binary]
[metric: binary_logloss]
[tree_learner: serial]
[device_type: cpu]
[data_sample_strategy: bagging]
[data: ]
[valid: ]
[num_iterations: 100]
[learning_rate: 0.1]
[num_leaves: 31]
[num_threads: 0]
[seed: 0]
[deterministic: 0]
[force_col_wise: 0]
[force_row_wise: 0]
[histogram_pool_size: -1]
[max_depth: -1]
[min_data_in_leaf: 20]
[min_sum_hessian_in_leaf: 0.001]
[bagging_fraction: 1]
[pos_bagging_fraction: 1]
[neg_bagging_fraction: 1]
[bagging_freq: 0]
[bagging_seed: 3]
[bagging_by_query: 0]
[feature_fraction: 1]
[feature_fraction_bynode: 1]
[feature_fraction_seed: 2]
[extra_trees: 0]
[extra_seed: 6]
[early_stopping_round: 0]
[early_stopping_min_delta: 0]
[first_metric_only: 0]
[max_delta_step: 0]
[lambda_l1: 0]
[lambda_l2: 0]
[linear_lambda: 0]
[min_gain_to_split: 0]
[drop_rate: 0.1]
[max_drop: 50]
[skip_drop: 0.5]
[xgboost_dart_mode: 0]
[uniform_drop: 0]
[drop_seed: 4]
[top_rate: 0.2]
[other_rate: 0.1]
[min_data_per_group: 100]
[max_cat_threshold: 32]
[cat_l2: 10]
[cat_smooth: 10]
[max_cat_to_onehot: 4]
[top_k: 20]
[monotone_constraints: ]
[monotone_constraints_method: basic]
[monotone_penalty: 0]
[feature_contri: ]
[forcedsplits_filename: ]
[refit_decay_rate: 0.9]
[cegb_tradeoff: 1]
[cegb_penalty_split: 0]
[cegb_penalty_feature_lazy: ]
[cegb_penalty_feature_coupled: ]
[path_smooth: 0]
[interaction_constraints: ]
[verbosity: -1]
[saved_feature_importance_type: 0]
[use_quantized_grad: 0]
[num_grad_quant_bins: 4]
[quant_train_renew_leaf: 0]
[stochastic_rounding: 1]
[linear_tree: 0]
[max_bin: 255]
[max_bin_by_feature: ]
[min_data_in_bin: 3]
[bin_construct_sample_cnt: 200000]
[data_random_seed: 1]
[is_enable_sparse: 1]
[enable_bundle: 1]
[use_missing: 1]
[zero_as_missing: 0]
[feature_pre_filter: 1]
[pre_partition: 0]
[two_round: 0]
[header: 0]
[label_column: ]
[weight_column: ]
[group_column: ]
[ignore_column: ]
[categorical_feature: ]
[forcedbins_filename: ]
[precise_float_parser: 0]
[parser_config_file: ]
[objective_seed: 5]
[num_class: 1]
[is_unbalance: 0]
[scale_pos_weight: 1]
[sigmoid: 1]
[boost_from_average: 1]
[reg_sqrt: 0]
[alpha: 0.9]
[fair_c: 1]
[poisson_max_delta_step: 0.7]
[tweedie_variance_power: 1.5]
[lambdarank_truncation_level: 30]
[lambdarank_norm: 1]
[label_gain: ]
[lambdarank_position_bias_regularization: 0]
[eval_at: ]
[multi_error_top_k: 1]
[auc_mu_weights: ]
[num_machines: 1]
[local_listen_port: 12400]
[time_out: 120]
[machine_list_filename: ]
[machines: ]
[gpu_platform_id: -1]
[gpu_device_id: -1]
[gpu_use_dp: 0]
[num_gpu: 1]

end of parameters

pandas_categorical:[]
